  0.961898   0.033211   0.004891
  0.939637   0.054478   0.005884
  0.936017   0.056212   0.007771
  0.937563   0.052850   0.009587
  0.949253   0.039118   0.011629
  0.945705   0.038930   0.015365
  0.918958   0.057402   0.023639
  0.973775   0.018530   0.007695
  0.897230   0.081655   0.021115
  0.956013   0.032718   0.011269
  0.958828   0.028670   0.012502
  0.859362   0.107313   0.033325
  0.963379   0.029940   0.006681
  0.828184   0.157809   0.014007
  0.920388   0.070350   0.009262
  0.859797   0.121407   0.018797
  0.891015   0.071233   0.037752
  0.890900   0.074146   0.034955
  0.847420   0.135110   0.017470
  0.962015   0.033206   0.004778
  0.923547   0.069872   0.006581
  0.968361   0.027204   0.004434
  0.934862   0.052703   0.012434
  0.944894   0.034542   0.020564
  0.961700   0.019877   0.018422
  0.931112   0.033838   0.035050
  0.964217   0.018128   0.017655
  0.951768   0.028942   0.019289
  0.914110   0.067404   0.018486
  0.951118   0.044769   0.004113
  0.954224   0.043878   0.001898
  0.962343   0.036397   0.001260
  0.949289   0.049554   0.001156
  0.979620   0.019619   0.000761
  0.965402   0.033123   0.001475
  0.934139   0.061163   0.004698
  0.960046   0.024493   0.015461
  0.941241   0.034880   0.023879
  0.933993   0.059549   0.006458
  0.961198   0.034936   0.003866
  0.883978   0.107517   0.008505
  0.951705   0.038229   0.010065
  0.922526   0.059115   0.018359
  0.907752   0.070640   0.021608
  0.941436   0.046553   0.012011
  0.955571   0.033937   0.010492
  0.957316   0.033867   0.008818
  0.954550   0.038488   0.006963
  0.965241   0.027872   0.006887
  0.943499   0.041506   0.014995
  0.954834   0.032928   0.012237
  0.950430   0.029613   0.019957
  0.948197   0.023669   0.028134
  0.938824   0.027274   0.033903
  0.946564   0.024603   0.028833
  0.933357   0.034133   0.032510
  0.900075   0.053109   0.046816
  0.962506   0.019776   0.017718
  0.906525   0.049042   0.044433
  0.913702   0.047079   0.039219
  0.958816   0.025726   0.015459
  0.787771   0.159278   0.052952
  0.977404   0.014544   0.008052
  0.969574   0.018085   0.012341
  0.785732   0.125744   0.088524
  0.971199   0.013551   0.015250
  0.933315   0.028904   0.037780
  0.853537   0.071738   0.074725
  0.968654   0.017644   0.013702
  0.917459   0.054206   0.028335
  0.929930   0.042993   0.027077
  0.952725   0.024347   0.022928
  0.866593   0.062707   0.070699
  0.905948   0.040918   0.053134
  0.897690   0.042949   0.059361
  0.922355   0.036550   0.041094
  0.892407   0.053963   0.053629
  0.917928   0.041540   0.040532
  0.931295   0.035517   0.033187
  0.934299   0.038809   0.026892
  0.929340   0.052245   0.018416
  0.914161   0.075185   0.010655
  0.912959   0.079601   0.007441
  0.956011   0.039816   0.004172
  0.933390   0.060448   0.006162
  0.947082   0.041697   0.011221
  0.933461   0.036705   0.029835
  0.947830   0.043684   0.008485
  0.930724   0.065618   0.003658
  0.926346   0.069925   0.003729
  0.900879   0.090473   0.008648
  0.879697   0.083249   0.037053
  0.916165   0.055857   0.027979
  0.879574   0.103589   0.016838
  0.907585   0.081688   0.010727
  0.893103   0.094156   0.012742
  0.933967   0.055471   0.010562
  0.894223   0.087129   0.018648
  0.944306   0.038180   0.017515
  0.933423   0.042894   0.023683
  0.955899   0.033701   0.010399
  0.932977   0.057632   0.009391
  0.964605   0.029374   0.006021
  0.909843   0.076804   0.013353
  0.955400   0.036931   0.007669
  0.919535   0.072276   0.008189
  0.969302   0.027398   0.003300
  0.963910   0.032764   0.003326
  0.941047   0.049763   0.009190
  0.923449   0.048116   0.028436
  0.924799   0.069933   0.005268
  0.962284   0.036970   0.000746
  0.924568   0.075172   0.000260
  0.948698   0.051212   0.000090
  0.938285   0.061671   0.000044
  0.907291   0.092685   0.000024
  0.938995   0.060984   0.000020
  0.926270   0.073704   0.000026
  0.902237   0.097709   0.000054
  0.917762   0.082110   0.000128
  0.926648   0.073132   0.000220
  0.882275   0.117257   0.000468
  0.923886   0.075324   0.000790
  0.911760   0.086716   0.001525
  0.910484   0.086397   0.003119
  0.942358   0.053905   0.003738
  0.949202   0.046456   0.004341
  0.955576   0.039785   0.004639
  0.915529   0.077252   0.007219
  0.930336   0.061586   0.008077
  0.922925   0.071254   0.005821
  0.869401   0.125699   0.004900
  0.906064   0.089595   0.004341
  0.908973   0.084440   0.006587
  0.907508   0.082240   0.010252
  0.891348   0.100518   0.008134
  0.841533   0.154600   0.003867
  0.892535   0.105545   0.001920
  0.875647   0.123464   0.000889
  0.899030   0.100425   0.000545
  0.915480   0.084143   0.000377
  0.826082   0.173654   0.000263
  0.842339   0.157512   0.000149
  0.844399   0.155505   0.000095
  0.798342   0.201549   0.000109
  0.813385   0.186527   0.000088
  0.856592   0.143321   0.000087
  0.801932   0.197923   0.000144
  0.840870   0.158889   0.000241
  0.885618   0.113919   0.000463
  0.916424   0.082839   0.000738
  0.935893   0.063040   0.001067
  0.932952   0.066110   0.000938
  0.917292   0.081927   0.000781
  0.840895   0.158458   0.000648
  0.831344   0.168301   0.000355
  0.802906   0.196879   0.000214
  0.843500   0.156382   0.000118
  0.803324   0.196612   0.000063
  0.875433   0.124530   0.000037
  0.892769   0.107202   0.000029
  0.913502   0.086470   0.000028
  0.913473   0.086493   0.000034
  0.846996   0.152952   0.000052
  0.912149   0.087768   0.000082
  0.838815   0.161045   0.000140
  0.944750   0.055102   0.000149
  0.898922   0.100874   0.000204
  0.875968   0.123828   0.000204
  0.795953   0.203846   0.000202
  0.882586   0.117236   0.000178
  0.812082   0.187703   0.000215
  0.847781   0.151976   0.000243
  0.881808   0.117933   0.000260
  0.856428   0.143305   0.000267
  0.874810   0.124923   0.000267
  0.917165   0.082644   0.000191
  0.894962   0.104917   0.000121
  0.943250   0.056603   0.000147
  0.914820   0.084861   0.000319
  0.875513   0.123704   0.000782
  0.962344   0.036853   0.000803
  0.945550   0.053612   0.000838
  0.918593   0.080813   0.000595
  0.965551   0.034204   0.000244
  0.873348   0.126426   0.000226
  0.954326   0.045554   0.000121
  0.925627   0.074297   0.000075
  0.878727   0.121221   0.000052
  0.956919   0.043046   0.000036
  0.945234   0.054723   0.000043
  0.943741   0.056172   0.000087
  0.950272   0.049438   0.000290
  0.905920   0.092880   0.001199
  0.830199   0.167086   0.002715
  0.951371   0.044197   0.004433
  0.975193   0.022926   0.001881
  0.888176   0.111398   0.000426
  0.927796   0.072108   0.000096
  0.963532   0.036425   0.000043
  0.923932   0.076042   0.000027
  0.875484   0.124496   0.000020
  0.947127   0.052854   0.000019
  0.944584   0.055399   0.000017
  0.863477   0.136508   0.000015
  0.890697   0.109288   0.000016
  0.894713   0.105270   0.000017
  0.874602   0.125380   0.000018
  0.910945   0.089037   0.000019
  0.922521   0.077459   0.000019
  0.960030   0.039950   0.000020
  0.934657   0.065321   0.000022
  0.919725   0.080251   0.000024
  0.973788   0.026180   0.000032
  0.972399   0.027561   0.000040
  0.912060   0.087895   0.000046
  0.970639   0.029311   0.000050
  0.966581   0.033374   0.000045
  0.845160   0.154799   0.000041
  0.854483   0.145484   0.000033
  0.853405   0.146566   0.000028
  0.780455   0.219524   0.000022
  0.781700   0.218281   0.000020
  0.713264   0.286718   0.000018
  0.780177   0.219806   0.000017
  0.827716   0.172268   0.000015
  0.813702   0.186283   0.000014
  0.821118   0.178864   0.000018
  0.800763   0.199205   0.000032
  0.677300   0.322611   0.000088
  0.815466   0.184350   0.000184
  0.861705   0.137717   0.000578
  0.801465   0.196182   0.002353
  0.779585   0.213396   0.007019
  0.733783   0.257729   0.008488
  0.833082   0.163313   0.003605
  0.725321   0.272506   0.002173
  0.599237   0.399104   0.001660
  0.636631   0.361831   0.001538
  0.857466   0.141401   0.001133
  0.690640   0.308073   0.001288
  0.743423   0.254704   0.001873
  0.660233   0.334957   0.004810
  0.799329   0.182055   0.018616
  0.724745   0.257841   0.017414
  0.666995   0.325005   0.008000
  0.850807   0.144110   0.005083
  0.665331   0.329551   0.005117
  0.671238   0.317622   0.011140
  0.729691   0.220018   0.050291
  0.755071   0.218864   0.026065
  0.845889   0.145642   0.008468
  0.780629   0.211608   0.007762
  0.849010   0.126793   0.024197
  0.792825   0.156563   0.050613
  0.908169   0.077199   0.014632
  0.805658   0.173556   0.020786
  0.895163   0.043188   0.061648
  0.884732   0.059459   0.055809
  0.850574   0.124296   0.025130
  0.927592   0.026605   0.045803
  0.876392   0.034259   0.089349
  0.845585   0.126361   0.028054
  0.922747   0.050955   0.026298
  0.869623   0.032168   0.098209
  0.847856   0.109510   0.042634
  0.949362   0.041574   0.009064
  0.911235   0.046734   0.042031
  0.888578   0.073447   0.037975
  0.899814   0.093578   0.006607
  0.917636   0.077271   0.005093
  0.909908   0.072057   0.018035
  0.845176   0.088888   0.065936
  0.939797   0.049259   0.010944
  0.836924   0.156366   0.006709
  0.941338   0.044787   0.013875
  0.904876   0.024333   0.070792
  0.801807   0.129985   0.068208
  0.809004   0.149042   0.041954
  0.898267   0.037682   0.064051
  0.854831   0.077094   0.068075
  0.904585   0.074852   0.020562
  0.962978   0.025635   0.011387
  0.872775   0.092623   0.034602
  0.962813   0.018629   0.018558
  0.917605   0.049865   0.032531
  0.939063   0.053116   0.007821
  0.931556   0.065556   0.002888
  0.942872   0.054852   0.002276
  0.906162   0.090286   0.003552
  0.886842   0.102826   0.010331
  0.853468   0.114210   0.032322
  0.899070   0.079692   0.021238
  0.874658   0.105177   0.020165
  0.877639   0.099112   0.023249
  0.878930   0.093250   0.027820
  0.867050   0.099877   0.033073
  0.873447   0.092845   0.033708
  0.878419   0.079731   0.041850
  0.885909   0.069843   0.044248
  0.959794   0.020435   0.019771
  0.874570   0.068260   0.057170
  0.906607   0.063435   0.029958
  0.848956   0.118664   0.032380
  0.878436   0.080133   0.041431
  0.861112   0.064358   0.074531
  0.933228   0.031337   0.035435
  0.941170   0.031630   0.027200
  0.893185   0.059508   0.047306
  0.929207   0.038411   0.032382
  0.912974   0.046924   0.040102
  0.878017   0.069903   0.052080
  0.929925   0.033179   0.036896
  0.885004   0.051965   0.063031
  0.921884   0.038850   0.039266
  0.894130   0.062899   0.042970
  0.893984   0.041750   0.064265
  0.829982   0.040179   0.129839
  0.871221   0.049556   0.079223
  0.835492   0.054908   0.109600
  0.881175   0.048045   0.070780
  0.815052   0.106485   0.078464
  0.821409   0.082537   0.096055
  0.852583   0.090679   0.056738
  0.829077   0.133946   0.036977
  0.846240   0.116067   0.037693
  0.816903   0.129343   0.053754
  0.810648   0.122519   0.066833
  0.859523   0.085871   0.054606
  0.785545   0.142784   0.071672
  0.825587   0.129708   0.044705
  0.758319   0.202111   0.039569
  0.843792   0.132281   0.023927
  0.767359   0.206384   0.026257
  0.740533   0.216241   0.043226
  0.802030   0.143488   0.054481
  0.699108   0.245674   0.055218
  0.722941   0.249737   0.027322
  0.749059   0.234409   0.016532
  0.478312   0.493483   0.028206
  0.761467   0.196716   0.041817
  0.573565   0.402613   0.023822
  0.846005   0.147423   0.006572
  0.760501   0.226700   0.012799
  0.783284   0.193123   0.023593
  0.754478   0.234475   0.011047
  0.776974   0.218821   0.004205
  0.839516   0.157393   0.003091
  0.777765   0.218431   0.003804
  0.650938   0.340550   0.008512
  0.703637   0.281237   0.015126
  0.770269   0.218153   0.011578
  0.774971   0.216178   0.008852
  0.713471   0.272556   0.013972
  0.912317   0.074222   0.013462
  0.798248   0.184401   0.017351
  0.936751   0.056300   0.006949
  0.821859   0.164602   0.013539
  0.941204   0.044338   0.014458
  0.878691   0.103143   0.018166
  0.950433   0.040022   0.009545
  0.942696   0.039680   0.017623
  0.924031   0.051364   0.024606
  0.938264   0.056932   0.004804
  0.940470   0.057577   0.001953
  0.965433   0.032940   0.001626
  0.947814   0.050112   0.002074
  0.940195   0.055063   0.004742
  0.926827   0.053962   0.019210
  0.937739   0.044431   0.017830
  0.966894   0.029839   0.003266
  0.968636   0.030413   0.000951
  0.971206   0.028507   0.000287
  0.972898   0.027009   0.000093
  0.953116   0.046841   0.000043
  0.960163   0.039809   0.000027
  0.965451   0.034524   0.000025
  0.943475   0.056500   0.000025
  0.956690   0.043281   0.000029
  0.975666   0.024299   0.000035
  0.965040   0.034898   0.000062
  0.968667   0.031213   0.000120
  0.959797   0.039906   0.000297
  0.974429   0.024992   0.000579
  0.983109   0.016201   0.000690
  0.951403   0.047419   0.001178
  0.983228   0.015884   0.000888
  0.981996   0.016723   0.001280
  0.925677   0.070659   0.003664
  0.974920   0.022878   0.002202
  0.956032   0.041470   0.002498
  0.971591   0.027268   0.001141
  0.981416   0.017972   0.000612
  0.968732   0.030596   0.000671
  0.984799   0.014861   0.000340
  0.980038   0.019696   0.000267
  0.976880   0.022887   0.000233
  0.990134   0.009669   0.000197
  0.984704   0.014964   0.000332
  0.984632   0.014724   0.000644
  0.991274   0.007742   0.000984
  0.985392   0.012797   0.001811
  0.976389   0.022718   0.000893
  0.976803   0.022680   0.000517
  0.972669   0.026866   0.000465
  0.978583   0.020925   0.000493
  0.983274   0.016215   0.000511
  0.977308   0.022179   0.000514
  0.968110   0.031219   0.000671
  0.975408   0.023884   0.000709
  0.954703   0.044565   0.000732
  0.964864   0.034648   0.000488
  0.968452   0.031272   0.000276
  0.944546   0.055309   0.000145
  0.964474   0.035456   0.000070
  0.912192   0.087765   0.000043
  0.951169   0.048799   0.000031
  0.931963   0.068014   0.000023
  0.943271   0.056712   0.000018
  0.959789   0.040194   0.000017
  0.933820   0.066161   0.000018
  0.957638   0.042340   0.000022
  0.980855   0.019124   0.000021
  0.969354   0.030627   0.000019
  0.953777   0.046205   0.000017
  0.967913   0.032071   0.000017
  0.951968   0.048012   0.000019
  0.946717   0.053256   0.000028
  0.953690   0.046257   0.000053
  0.944958   0.054953   0.000089
  0.906090   0.093778   0.000133
  0.901748   0.098039   0.000212
  0.926196   0.073519   0.000285
  0.877167   0.122255   0.000577
  0.947461   0.051220   0.001319
  0.899464   0.096358   0.004178
  0.942267   0.043549   0.014184
  0.949832   0.037433   0.012735
  0.931388   0.062513   0.006099
  0.982336   0.015109   0.002555
  0.951216   0.046273   0.002511
  0.927599   0.066230   0.006172
  0.957521   0.027990   0.014489
  0.953433   0.037573   0.008993
  0.929475   0.065655   0.004870
  0.954579   0.041406   0.004015
  0.957724   0.035272   0.007003
  0.930863   0.046464   0.022673
  0.959112   0.027139   0.013750
  0.938646   0.050786   0.010568
  0.953877   0.039491   0.006631
  0.970558   0.022838   0.006605
  0.952426   0.031552   0.016022
  0.964558   0.021565   0.013877
  0.952888   0.029086   0.018026
  0.956258   0.033038   0.010703
  0.971972   0.023297   0.004730
  0.963012   0.031961   0.005028
  0.981979   0.015033   0.002989
  0.979851   0.016991   0.003158
  0.960187   0.033840   0.005973
  0.987854   0.009714   0.002432
  0.983973   0.013535   0.002492
  0.951802   0.044151   0.004048
  0.990009   0.008075   0.001916
  0.986907   0.009585   0.003508
  0.946794   0.038208   0.014998
  0.976321   0.013565   0.010114
  0.972523   0.013852   0.013625
  0.924574   0.036227   0.039199
  0.970583   0.016293   0.013124
  0.938505   0.036959   0.024536
  0.950331   0.029767   0.019902
  0.978800   0.012545   0.008655
  0.931015   0.044537   0.024448
  0.955029   0.028020   0.016951
  0.959049   0.025397   0.015554
  0.913925   0.052916   0.033159
  0.973285   0.014799   0.011916
  0.928399   0.037144   0.034457
  0.938318   0.030946   0.030736
  0.978870   0.010588   0.010542
  0.940249   0.031030   0.028721
  0.958024   0.023364   0.018613
  0.969695   0.018938   0.011367
  0.913965   0.067366   0.018668
  0.977180   0.018720   0.004100
  0.955345   0.040437   0.004218
  0.979747   0.018200   0.002053
  0.989462   0.009202   0.001336
  0.944470   0.051706   0.003825
  0.982375   0.015317   0.002308
  0.975541   0.019990   0.004469
  0.953883   0.033886   0.012231
  0.984202   0.007584   0.008213
  0.976919   0.009985   0.013096
  0.970142   0.020052   0.009806
  0.950652   0.044019   0.005329
  0.967525   0.030088   0.002387
  0.951301   0.046662   0.002038
  0.961575   0.036855   0.001570
  0.961035   0.037051   0.001913
  0.935309   0.059899   0.004792
  0.949991   0.041248   0.008761
  0.945651   0.048238   0.006110
  0.941663   0.056248   0.002089
  0.957226   0.041916   0.000858
  0.959012   0.040534   0.000454
  0.965295   0.034448   0.000257
  0.951890   0.047878   0.000232
  0.968246   0.031367   0.000387
  0.964102   0.034980   0.000917
  0.966080   0.030000   0.003921
  0.976921   0.015575   0.007504
  0.960335   0.029931   0.009734
  0.984860   0.011159   0.003981
  0.971248   0.022771   0.005981
  0.968823   0.024453   0.006725
  0.974606   0.018622   0.006772
  0.973836   0.016916   0.009248
  0.979323   0.010234   0.010443
  0.979016   0.009308   0.011675
  0.979606   0.011835   0.008559
  0.961768   0.029329   0.008903
  0.974127   0.020724   0.005150
  0.967339   0.028592   0.004070
  0.956000   0.040911   0.003090
  0.972016   0.026409   0.001575
  0.962647   0.035572   0.001781
  0.966274   0.031727   0.001998
  0.976747   0.021345   0.001908
  0.969311   0.026716   0.003973
  0.972526   0.020944   0.006531
  0.976771   0.015331   0.007898
  0.971967   0.017632   0.010402
  0.956316   0.032143   0.011540
  0.969449   0.022753   0.007798
  0.953497   0.036385   0.010118
  0.973836   0.021352   0.004812
  0.971077   0.025762   0.003161
  0.957871   0.039190   0.002939
  0.952798   0.043883   0.003319
  0.937706   0.053711   0.008583
  0.943675   0.034178   0.022147
  0.939155   0.038183   0.022663
  0.941700   0.051366   0.006934
  0.957439   0.037143   0.005418
  0.918689   0.051009   0.030301
  0.968966   0.011094   0.019940
  0.969274   0.015613   0.015113
  0.948606   0.033454   0.017940
  0.980187   0.012768   0.007045
  0.931938   0.050996   0.017066
  0.977999   0.012135   0.009866
  0.941898   0.027806   0.030296
  0.969022   0.020027   0.010951
  0.974735   0.019909   0.005356
  0.969991   0.024658   0.005351
  0.973299   0.016732   0.009970
  0.956653   0.022077   0.021270
  0.978031   0.013757   0.008212
  0.977751   0.016884   0.005365
  0.982684   0.012991   0.004325
  0.989460   0.006650   0.003890
  0.982280   0.008552   0.009167
  0.976366   0.010921   0.012714
  0.988842   0.005143   0.006016
  0.990825   0.004289   0.004886
  0.985139   0.007378   0.007483
  0.964549   0.016963   0.018489
  0.974780   0.010691   0.014528
  0.983936   0.006607   0.009457
  0.984766   0.006818   0.008416
  0.981833   0.009597   0.008569
  0.979683   0.013045   0.007272
  0.970792   0.022697   0.006511
  0.969723   0.025009   0.005267
  0.968469   0.025184   0.006347
  0.971602   0.020521   0.007877
  0.966942   0.021994   0.011064
  0.966700   0.023262   0.010038
  0.977865   0.015028   0.007107
  0.955023   0.029704   0.015274
  0.971459   0.019308   0.009234
  0.951387   0.037645   0.010968
  0.954016   0.033598   0.012386
  0.950072   0.039339   0.010589
  0.955410   0.039205   0.005385
  0.972640   0.024775   0.002586
  0.946962   0.049163   0.003875
  0.972909   0.023629   0.003462
  0.970903   0.021888   0.007209
  0.927705   0.046507   0.025788
  0.969719   0.021536   0.008745
  0.902001   0.084511   0.013488
  0.969232   0.024772   0.005995
  0.909481   0.075821   0.014699
  0.962969   0.025909   0.011122
  0.970363   0.014690   0.014947
  0.939537   0.027295   0.033168
  0.968321   0.017266   0.014412
  0.929563   0.042946   0.027491
  0.942759   0.035764   0.021477
  0.956612   0.026942   0.016446
  0.922750   0.044566   0.032684
  0.963477   0.016199   0.020325
  0.939772   0.022774   0.037454
  0.971348   0.017949   0.010703
  0.967162   0.027698   0.005141
  0.967564   0.027493   0.004943
  0.952545   0.029199   0.018256
  0.954618   0.015705   0.029677
  0.965812   0.017557   0.016631
  0.946566   0.032963   0.020471
  0.958683   0.016809   0.024509
  0.943613   0.032972   0.023415
  0.965906   0.025181   0.008913
  0.951838   0.033540   0.014623
  0.933120   0.035789   0.031091
  0.953216   0.020197   0.026587
  0.942519   0.031443   0.026038
  0.914197   0.065357   0.020446
  0.938848   0.048560   0.012593
  0.909885   0.074176   0.015939
  0.917838   0.068247   0.013915
  0.926456   0.060952   0.012592
  0.913271   0.068771   0.017957
  0.940557   0.044919   0.014525
  0.915932   0.059746   0.024321
  0.954358   0.030753   0.014888
  0.924253   0.045947   0.029801
  0.933483   0.043691   0.022826
  0.919842   0.051569   0.028590
  0.941224   0.034777   0.023999
  0.915591   0.064334   0.020075
  0.939599   0.038899   0.021503
  0.925412   0.049104   0.025484
  0.937492   0.045082   0.017426
  0.933224   0.039697   0.027079
  0.914444   0.058832   0.026724
  0.947988   0.032882   0.019130
  0.888250   0.058272   0.053478
  0.959534   0.021249   0.019217
  0.926852   0.050421   0.022726
  0.931616   0.033773   0.034611
  0.912753   0.037259   0.049988
  0.916372   0.067102   0.016526
  0.932345   0.053997   0.013658
  0.903468   0.056103   0.040429
  0.928969   0.038516   0.032515
  0.900210   0.079447   0.020343
  0.948067   0.040388   0.011545
  0.930808   0.044237   0.024956
  0.973329   0.014140   0.012531
  0.928292   0.046647   0.025061
  0.968423   0.022661   0.008916
  0.951834   0.039572   0.008594
  0.958150   0.035336   0.006514
  0.964347   0.029321   0.006331
  0.936546   0.049221   0.014233
  0.963884   0.021135   0.014981
  0.965398   0.015503   0.019099
  0.978680   0.009483   0.011837
  0.962807   0.017645   0.019548
  0.957647   0.021223   0.021130
  0.967872   0.017290   0.014838
  0.968745   0.017923   0.013332
  0.966800   0.018818   0.014382
  0.976415   0.012512   0.011073
  0.974558   0.013087   0.012355
  0.975197   0.012646   0.012157
  0.980053   0.008819   0.011128
  0.958065   0.024744   0.017190
  0.979378   0.011461   0.009161
  0.961449   0.019761   0.018790
  0.958370   0.022755   0.018875
  0.976395   0.016377   0.007228
  0.958308   0.032013   0.009679
  0.973092   0.016946   0.009963
  0.958715   0.018912   0.022373
  0.957268   0.025435   0.017296
  0.972690   0.021885   0.005425
  0.940162   0.053652   0.006186
  0.956483   0.029783   0.013733
  0.944786   0.035754   0.019460
  0.946590   0.046410   0.007000
  0.947841   0.050441   0.001718
  0.941321   0.057628   0.001052
  0.928670   0.070092   0.001238
  0.926604   0.070565   0.002832
  0.885394   0.101659   0.012947
  0.945803   0.037815   0.016382
  0.926959   0.069670   0.003371
  0.866171   0.132897   0.000932
  0.946554   0.053098   0.000348
  0.856406   0.143250   0.000344
  0.897834   0.101416   0.000750
  0.957979   0.040690   0.001331
  0.890035   0.105746   0.004219
  0.945817   0.039982   0.014200
  0.925303   0.032179   0.042518
  0.859515   0.126308   0.014178
  0.944981   0.051788   0.003231
  0.906442   0.091389   0.002169
  0.911808   0.085989   0.002204
  0.949713   0.047726   0.002561
  0.913069   0.079408   0.007523
  0.898431   0.046064   0.055505
  0.945380   0.030967   0.023653
  0.952774   0.041993   0.005232
  0.965355   0.030861   0.003783
  0.962758   0.029608   0.007634
  0.946466   0.031985   0.021549
  0.916961   0.043217   0.039822
  0.930999   0.053966   0.015034
  0.925453   0.066414   0.008133
  0.884361   0.101621   0.014018
  0.907219   0.060736   0.032046
  0.908604   0.069572   0.021824
  0.937080   0.055074   0.007846
  0.948070   0.042544   0.009386
  0.898067   0.071527   0.030405
  0.940896   0.029584   0.029520
  0.966854   0.015853   0.017293
  0.941284   0.039270   0.019446
  0.935804   0.048703   0.015493
  0.959679   0.030132   0.010189
  0.922353   0.067780   0.009867
  0.913694   0.074524   0.011783
  0.931179   0.054890   0.013930
  0.930781   0.052430   0.016789
  0.916978   0.075794   0.007228
  0.894338   0.098967   0.006695
  0.896120   0.088668   0.015212
  0.865889   0.116586   0.017525
  0.872883   0.122847   0.004270
  0.916329   0.081839   0.001832
  0.909816   0.089194   0.000990
  0.894944   0.104299   0.000756
  0.914884   0.083995   0.001121
  0.946507   0.051241   0.002252
  0.939939   0.050136   0.009925
  0.953507   0.033635   0.012858
  0.951076   0.042231   0.006694
  0.948570   0.042899   0.008531
  0.949794   0.039414   0.010792
  0.959495   0.035562   0.004943
  0.971922   0.026004   0.002074
  0.952489   0.045607   0.001904
  0.977391   0.021908   0.000702
  0.972800   0.026779   0.000420
  0.968081   0.031623   0.000297
  0.973229   0.026597   0.000174
  0.967304   0.032535   0.000161
  0.981191   0.018656   0.000153
  0.976161   0.023625   0.000214
  0.982285   0.017442   0.000273
  0.981729   0.017741   0.000530
  0.977144   0.021536   0.001320
  0.989363   0.008705   0.001932
  0.961002   0.028641   0.010357
  0.982119   0.012124   0.005757
  0.992751   0.005099   0.002150
  0.978242   0.016711   0.005047
  0.945044   0.043524   0.011432
  0.992366   0.005191   0.002443
  0.989439   0.007595   0.002965
  0.903886   0.081481   0.014633
  0.978487   0.018549   0.002964
  0.959325   0.038599   0.002076
  0.952278   0.045907   0.001816
  0.956926   0.041781   0.001293
  0.943165   0.055567   0.001268
  0.966752   0.032332   0.000917
  0.920905   0.077293   0.001803
  0.938513   0.059065   0.002423
  0.911337   0.083581   0.005082
  0.944745   0.048192   0.007062
  0.924993   0.064339   0.010668
  0.943157   0.051011   0.005833
  0.923404   0.073350   0.003246
  0.931697   0.066382   0.001921
  0.857539   0.140355   0.002107
  0.927985   0.070787   0.001228
  0.876377   0.122310   0.001313
  0.929240   0.069882   0.000878
  0.930686   0.068189   0.001125
  0.937496   0.061190   0.001314
  0.952676   0.045972   0.001352
  0.924475   0.073877   0.001648
  0.946753   0.052109   0.001137
  0.943283   0.055018   0.001699
  0.935309   0.060444   0.004248
  0.957286   0.034950   0.007764
  0.957460   0.033163   0.009377
  0.980915   0.015800   0.003285
  0.932970   0.063376   0.003654
  0.981274   0.017636   0.001090
  0.961890   0.037362   0.000747
  0.950987   0.048643   0.000371
  0.943643   0.056176   0.000182
  0.948935   0.050958   0.000108
  0.946903   0.052976   0.000120
  0.967793   0.032039   0.000168
  0.918747   0.080933   0.000320
  0.973019   0.026710   0.000271
  0.971913   0.027824   0.000263
  0.934179   0.065623   0.000198
  0.976638   0.023260   0.000101
  0.972645   0.027291   0.000064
  0.956701   0.043255   0.000045
  0.966881   0.033078   0.000041
  0.965737   0.034219   0.000044
  0.946724   0.053238   0.000038
  0.958663   0.041309   0.000028
  0.969582   0.030394   0.000024
  0.959087   0.040886   0.000027
  0.960880   0.039085   0.000035
  0.977894   0.022019   0.000087
  0.939789   0.059647   0.000564
  0.946480   0.051066   0.002454
  0.923045   0.060779   0.016176
  0.942093   0.042489   0.015418
  0.942944   0.049156   0.007900
  0.899011   0.089024   0.011965
  0.886165   0.090365   0.023470
  0.917869   0.069120   0.013012
  0.836758   0.152400   0.010842
  0.943221   0.050023   0.006756
  0.876913   0.113689   0.009398
  0.933448   0.058365   0.008187
  0.874816   0.100930   0.024254
  0.937398   0.044006   0.018595
  0.871110   0.110670   0.018219
  0.939351   0.048482   0.012167
  0.866947   0.090818   0.042234
  0.933676   0.045170   0.021155
  0.834589   0.131944   0.033467
  0.933698   0.046920   0.019382
  0.856246   0.097404   0.046350
  0.912966   0.055596   0.031438
  0.896712   0.071342   0.031946
  0.913206   0.064061   0.022733
  0.917310   0.058990   0.023701
  0.933920   0.034335   0.031745
  0.917737   0.052706   0.029557
  0.942984   0.032872   0.024144
  0.904983   0.042421   0.052596
  0.953639   0.030253   0.016109
  0.927037   0.063231   0.009732
  0.960929   0.025297   0.013774
  0.931684   0.032927   0.035389
  0.951928   0.035123   0.012949
  0.975833   0.019684   0.004483
  0.964965   0.031335   0.003701
  0.964392   0.030513   0.005095
  0.966669   0.019078   0.014254
  0.933549   0.035642   0.030809
  0.934225   0.050943   0.014832
  0.973418   0.020488   0.006094
  0.966474   0.027314   0.006212
  0.953723   0.030355   0.015922
  0.949333   0.016004   0.034662
  0.971879   0.018794   0.009327
  0.963743   0.031540   0.004717
  0.970690   0.020500   0.008811
  0.955696   0.021202   0.023103
  0.977252   0.016464   0.006283
  0.976177   0.021367   0.002457
  0.975630   0.022485   0.001885
  0.981570   0.015543   0.002887
  0.948201   0.038764   0.013035
  0.974790   0.016707   0.008503
  0.963089   0.027914   0.008997
  0.976762   0.018372   0.004866
  0.986805   0.010071   0.003123
  0.968463   0.023124   0.008413
  0.983351   0.007913   0.008737
  0.981958   0.004335   0.013708
  0.979835   0.004399   0.015766
  0.986778   0.004699   0.008523
  0.987202   0.007697   0.005101
  0.982888   0.013346   0.003767
  0.991390   0.005630   0.002980
  0.994050   0.002909   0.003042
  0.986559   0.005128   0.008313
  0.978823   0.007437   0.013740
  0.992404   0.003151   0.004445
  0.995276   0.002486   0.002238
  0.994634   0.003585   0.001780
  0.990128   0.007721   0.002151
  0.990059   0.006987   0.002954
  0.989103   0.004214   0.006683
  0.977324   0.003108   0.019568
  0.993695   0.000720   0.005585
  0.997883   0.000238   0.001879
  0.998837   0.000108   0.001056
  0.998997   0.000079   0.000924
  0.998729   0.000071   0.001200
  0.997236   0.000101   0.002663
  0.986778   0.000225   0.012997
  0.989230   0.000234   0.010536
  0.997525   0.000112   0.002363
  0.998863   0.000082   0.001055
  0.999163   0.000076   0.000760
  0.999343   0.000097   0.000561
  0.999361   0.000170   0.000469
  0.998902   0.000318   0.000780
  0.997628   0.000428   0.001945
  0.995410   0.000352   0.004237
  0.995529   0.000183   0.004288
  0.997887   0.000101   0.002012
  0.999191   0.000055   0.000754
  0.999509   0.000032   0.000459
  0.999569   0.000022   0.000410
  0.999458   0.000017   0.000524
  0.999159   0.000018   0.000823
  0.998409   0.000025   0.001566
  0.997296   0.000055   0.002649
  0.995901   0.000141   0.003959
  0.997521   0.000368   0.002111
  0.998133   0.000890   0.000977
  0.996974   0.002238   0.000788
  0.996081   0.003513   0.000406
  0.997057   0.002772   0.000170
  0.999082   0.000845   0.000073
  0.999558   0.000381   0.000061
  0.999667   0.000241   0.000092
  0.999567   0.000252   0.000181
  0.999414   0.000238   0.000348
  0.999249   0.000187   0.000564
  0.999362   0.000100   0.000538
  0.999701   0.000048   0.000251
  0.999842   0.000039   0.000119
  0.999918   0.000037   0.000046
  0.999937   0.000036   0.000026
  0.999943   0.000036   0.000021
  0.999938   0.000044   0.000019
  0.999922   0.000060   0.000018
  0.999907   0.000075   0.000018
  0.999861   0.000119   0.000021
  0.999792   0.000183   0.000024
  0.999721   0.000252   0.000028
  0.999753   0.000218   0.000029
  0.999756   0.000215   0.000028
  0.999721   0.000248   0.000031
  0.999543   0.000419   0.000038
  0.999401   0.000546   0.000052
  0.999249   0.000664   0.000087
  0.999195   0.000670   0.000134
  0.999209   0.000605   0.000185
  0.999093   0.000648   0.000260
  0.998153   0.001307   0.000540
  0.997351   0.001643   0.001006
  0.997584   0.000894   0.001522
  0.998250   0.000286   0.001463
  0.998639   0.000101   0.001260
  0.998767   0.000042   0.001191
  0.998187   0.000029   0.001785
  0.996361   0.000023   0.003616
  0.993724   0.000022   0.006254
  0.994909   0.000026   0.005065
  0.996118   0.000036   0.003846
  0.997166   0.000040   0.002794
  0.997204   0.000043   0.002753
  0.997797   0.000054   0.002149
  0.997872   0.000071   0.002057
  0.998523   0.000093   0.001384
  0.998832   0.000104   0.001064
  0.998952   0.000125   0.000922
  0.999109   0.000177   0.000714
  0.999145   0.000315   0.000540
  0.999007   0.000586   0.000407
  0.999191   0.000574   0.000235
  0.999486   0.000384   0.000131
  0.999694   0.000212   0.000093
  0.999840   0.000098   0.000062
  0.999913   0.000051   0.000035
  0.999954   0.000026   0.000020
  0.999960   0.000022   0.000019
  0.999951   0.000025   0.000024
  0.999922   0.000039   0.000039
  0.999872   0.000067   0.000061
  0.999707   0.000162   0.000131
  0.999510   0.000267   0.000224
  0.999232   0.000372   0.000395
  0.998608   0.000576   0.000816
  0.998702   0.000426   0.000872
  0.999399   0.000194   0.000407
  0.999730   0.000091   0.000179
  0.999867   0.000048   0.000084
  0.999912   0.000037   0.000051
  0.999910   0.000042   0.000048
  0.999838   0.000093   0.000068
  0.999376   0.000468   0.000156
  0.998293   0.001423   0.000283
  0.998363   0.001351   0.000286
  0.999541   0.000305   0.000154
  0.999811   0.000097   0.000092
  0.999912   0.000043   0.000045
  0.999948   0.000029   0.000023
  0.999947   0.000035   0.000018
  0.999926   0.000055   0.000019
  0.999842   0.000133   0.000025
  0.999694   0.000272   0.000034
  0.999396   0.000547   0.000058
  0.998996   0.000907   0.000097
  0.998681   0.001171   0.000148
  0.998393   0.001339   0.000267
  0.998315   0.001165   0.000520
  0.997773   0.001006   0.001221
  0.995545   0.000806   0.003649
  0.986091   0.000772   0.013138
  0.982973   0.000653   0.016373
  0.994229   0.000240   0.005531
  0.996493   0.000079   0.003427
  0.996124   0.000029   0.003847
  0.991790   0.000018   0.008193
  0.979983   0.000018   0.019999
  0.990230   0.000031   0.009739
  0.993923   0.000060   0.006017
  0.991610   0.000185   0.008206
  0.988671   0.000929   0.010400
  0.991773   0.003767   0.004460
  0.997680   0.000753   0.001567
  0.998696   0.000145   0.001159
  0.998865   0.000054   0.001081
  0.998080   0.000054   0.001866
  0.996005   0.000117   0.003878
  0.993992   0.000405   0.005603
  0.992565   0.001210   0.006225
  0.995651   0.001270   0.003079
  0.998341   0.000608   0.001051
  0.999465   0.000190   0.000345
  0.999799   0.000076   0.000125
  0.999883   0.000054   0.000063
  0.999895   0.000059   0.000046
  0.999889   0.000073   0.000038
  0.999824   0.000132   0.000044
  0.999598   0.000343   0.000059
  0.998893   0.001013   0.000094
  0.997874   0.001992   0.000133
  0.998133   0.001651   0.000216
  0.998972   0.000504   0.000524
  0.998191   0.000141   0.001668
  0.992970   0.000060   0.006971
  0.992373   0.000027   0.007600
  0.997345   0.000019   0.002636
  0.998992   0.000017   0.000991
  0.999527   0.000017   0.000456
  0.999602   0.000017   0.000381
  0.999655   0.000017   0.000328
  0.999815   0.000018   0.000166
  0.999875   0.000022   0.000103
  0.999879   0.000031   0.000090
  0.999848   0.000051   0.000101
  0.999840   0.000065   0.000095
  0.999856   0.000066   0.000078
  0.999849   0.000069   0.000081
  0.999881   0.000055   0.000063
  0.999920   0.000037   0.000043
  0.999942   0.000027   0.000031
  0.999954   0.000023   0.000023
  0.999957   0.000024   0.000019
  0.999955   0.000027   0.000017
  0.999951   0.000031   0.000018
  0.999936   0.000042   0.000022
  0.999870   0.000089   0.000041
  0.999652   0.000253   0.000095
  0.999001   0.000735   0.000264
  0.997772   0.001530   0.000697
  0.996761   0.001494   0.001746
  0.994322   0.001318   0.004360
  0.986403   0.001130   0.012467
  0.986042   0.000733   0.013225
  0.990969   0.000468   0.008563
  0.993399   0.000431   0.006170
  0.994035   0.000552   0.005413
  0.995534   0.000591   0.003875
  0.993691   0.000854   0.005455
  0.988929   0.001372   0.009699
  0.980236   0.001528   0.018237
  0.989516   0.000513   0.009971
  0.988415   0.000263   0.011322
  0.985349   0.000178   0.014473
  0.982902   0.000131   0.016967
  0.982958   0.000136   0.016907
  0.982029   0.000218   0.017753
  0.977024   0.000355   0.022622
  0.992178   0.000432   0.007391
  0.996546   0.000388   0.003066
  0.997491   0.000230   0.002278
  0.997377   0.000156   0.002467
  0.993692   0.000100   0.006208
  0.966947   0.000053   0.033001
  0.966433   0.000029   0.033539
  0.993721   0.000020   0.006259
  0.996546   0.000019   0.003435
  0.994498   0.000022   0.005479
  0.969529   0.000030   0.030441
  0.977281   0.000035   0.022684
  0.993824   0.000038   0.006138
  0.994816   0.000059   0.005125
  0.975665   0.000133   0.024202
  0.974835   0.000200   0.024965
  0.995372   0.000205   0.004423
  0.995418   0.000393   0.004189
  0.966053   0.002060   0.031887
  0.986750   0.002141   0.011109
  0.997130   0.001028   0.001842
  0.998986   0.000482   0.000532
  0.999550   0.000269   0.000181
  0.999752   0.000183   0.000065
  0.999829   0.000147   0.000024
  0.999840   0.000144   0.000017
  0.999815   0.000165   0.000020
  0.999802   0.000170   0.000028
  0.999808   0.000148   0.000044
  0.999774   0.000135   0.000091
  0.999544   0.000197   0.000260
  0.998743   0.000401   0.000856
  0.992209   0.001196   0.006596
  0.965468   0.002988   0.031544
  0.995510   0.001525   0.002965
  0.998084   0.001121   0.000795
  0.999010   0.000724   0.000267
  0.999394   0.000494   0.000113
  0.999287   0.000646   0.000067
  0.998355   0.001596   0.000050
  0.995804   0.004145   0.000051
  0.998284   0.001659   0.000057
  0.999483   0.000456   0.000061
  0.999773   0.000167   0.000060
  0.999868   0.000072   0.000060
  0.999902   0.000047   0.000051
  0.999890   0.000060   0.000050
  0.999834   0.000113   0.000053
  0.999567   0.000374   0.000058
  0.998355   0.001587   0.000058
  0.996798   0.003136   0.000066
  0.998961   0.000960   0.000079
  0.999682   0.000188   0.000130
  0.999710   0.000046   0.000245
  0.999277   0.000021   0.000702
  0.997440   0.000020   0.002540
  0.994287   0.000042   0.005671
  0.996835   0.000174   0.002991
  0.998009   0.001193   0.000798
  0.995589   0.004209   0.000202
  0.998323   0.001634   0.000043
  0.999552   0.000430   0.000018
  0.999677   0.000304   0.000020
  0.999520   0.000433   0.000047
  0.999405   0.000463   0.000131
  0.999220   0.000504   0.000276
  0.999110   0.000537   0.000353
  0.999169   0.000420   0.000411
  0.999209   0.000410   0.000381
  0.999540   0.000263   0.000197
  0.999764   0.000138   0.000099
  0.999885   0.000054   0.000060
  0.999933   0.000028   0.000039
  0.999954   0.000020   0.000027
  0.999962   0.000017   0.000020
  0.999966   0.000017   0.000017
  0.999965   0.000017   0.000018
  0.999961   0.000018   0.000021
  0.999951   0.000022   0.000027
  0.999934   0.000032   0.000034
  0.999895   0.000060   0.000045
  0.999828   0.000116   0.000057
  0.999805   0.000136   0.000058
  0.999777   0.000153   0.000070
  0.999732   0.000171   0.000096
  0.999535   0.000292   0.000173
  0.999418   0.000370   0.000211
  0.999512   0.000312   0.000176
  0.999635   0.000246   0.000119
  0.999604   0.000299   0.000097
  0.999576   0.000342   0.000082
  0.999668   0.000262   0.000070
  0.999743   0.000184   0.000073
  0.999774   0.000140   0.000085
  0.999734   0.000141   0.000125
  0.999685   0.000144   0.000170
  0.999709   0.000118   0.000173
  0.999776   0.000077   0.000148
  0.999804   0.000052   0.000144
  0.999808   0.000037   0.000155
  0.999750   0.000030   0.000221
  0.999465   0.000036   0.000499
  0.999254   0.000037   0.000709
  0.999588   0.000040   0.000373
  0.999787   0.000047   0.000165
  0.999861   0.000060   0.000079
  0.999846   0.000095   0.000059
  0.999697   0.000235   0.000068
  0.999549   0.000358   0.000093
  0.999673   0.000232   0.000094
  0.999864   0.000082   0.000054
  0.999943   0.000026   0.000031
  0.999960   0.000017   0.000023
  0.999947   0.000028   0.000025
  0.999888   0.000078   0.000034
  0.999498   0.000417   0.000085
  0.997473   0.002231   0.000295
  0.999024   0.000779   0.000198
  0.999801   0.000140   0.000059
  0.999942   0.000033   0.000025
  0.999960   0.000018   0.000022
  0.999949   0.000018   0.000033
  0.999924   0.000025   0.000051
  0.999888   0.000042   0.000070
  0.999802   0.000101   0.000097
  0.999528   0.000344   0.000128
  0.999093   0.000792   0.000115
  0.999100   0.000825   0.000074
  0.999520   0.000432   0.000048
  0.999806   0.000164   0.000031
  0.999909   0.000067   0.000025
  0.999932   0.000042   0.000026
  0.999927   0.000042   0.000031
  0.999898   0.000056   0.000047
  0.999860   0.000072   0.000068
  0.999801   0.000099   0.000099
  0.999789   0.000101   0.000110
  0.999754   0.000104   0.000142
  0.999616   0.000123   0.000261
  0.999284   0.000169   0.000547
  0.998803   0.000192   0.001005
  0.998890   0.000123   0.000987
  0.999264   0.000063   0.000673
  0.999660   0.000039   0.000300
  0.999823   0.000028   0.000149
  0.999902   0.000020   0.000078
  0.999925   0.000018   0.000057
  0.999943   0.000018   0.000039
  0.999945   0.000022   0.000033
  0.999937   0.000026   0.000036
  0.999909   0.000039   0.000051
  0.999840   0.000065   0.000095
  0.999762   0.000081   0.000157
  0.999666   0.000091   0.000243
  0.999684   0.000096   0.000220
  0.999735   0.000094   0.000171
  0.999751   0.000081   0.000169
  0.999796   0.000061   0.000143
  0.999838   0.000045   0.000116
  0.999862   0.000039   0.000099
  0.999862   0.000048   0.000090
  0.999842   0.000073   0.000085
  0.999746   0.000141   0.000113
  0.999643   0.000197   0.000160
  0.999433   0.000269   0.000299
  0.998754   0.000408   0.000837
  0.997215   0.000575   0.002210
  0.996072   0.000641   0.003287
  0.997634   0.000373   0.001993
  0.998777   0.000189   0.001035
  0.999327   0.000112   0.000561
  0.999505   0.000082   0.000414
  0.999543   0.000075   0.000382
  0.999553   0.000114   0.000333
  0.999423   0.000180   0.000396
  0.999199   0.000248   0.000553
  0.998951   0.000207   0.000842
  0.998434   0.000196   0.001370
  0.997576   0.000214   0.002211
  0.996194   0.000293   0.003512
  0.997630   0.000145   0.002225
  0.999135   0.000074   0.000791
  0.999579   0.000052   0.000369
  0.999757   0.000048   0.000194
  0.999825   0.000059   0.000116
  0.999842   0.000069   0.000090
  0.999837   0.000097   0.000067
  0.999832   0.000121   0.000047
  0.999830   0.000135   0.000035
  0.999837   0.000132   0.000031
  0.999841   0.000128   0.000031
  0.999852   0.000118   0.000030
  0.999862   0.000111   0.000027
  0.999880   0.000093   0.000027
  0.999887   0.000079   0.000035
  0.999856   0.000081   0.000063
  0.999783   0.000077   0.000141
  0.999477   0.000083   0.000440
  0.997532   0.000121   0.002347
  0.989770   0.000100   0.010130
  0.994322   0.000053   0.005626
  0.998823   0.000030   0.001147
  0.999651   0.000021   0.000328
  0.999707   0.000035   0.000259
  0.999313   0.000143   0.000544
  0.997944   0.000702   0.001354
  0.996964   0.001286   0.001749
  0.999273   0.000333   0.000394
  0.999831   0.000084   0.000085
  0.999932   0.000038   0.000030
  0.999951   0.000031   0.000017
  0.999933   0.000047   0.000019
  0.999848   0.000113   0.000038
  0.999529   0.000361   0.000110
  0.998361   0.001389   0.000250
  0.998278   0.001509   0.000213
  0.999414   0.000492   0.000094
  0.999853   0.000104   0.000042
  0.999951   0.000028   0.000021
  0.999965   0.000017   0.000018
  0.999961   0.000019   0.000020
  0.999946   0.000025   0.000028
  0.999913   0.000035   0.000052
  0.999754   0.000066   0.000180
  0.999193   0.000126   0.000681
  0.997337   0.000201   0.002461
  0.995079   0.000387   0.004534
  0.998380   0.000330   0.001290
  0.999437   0.000261   0.000302
  0.999661   0.000257   0.000083
  0.999538   0.000433   0.000030
  0.998930   0.001050   0.000020
  0.997807   0.002176   0.000017
  0.997164   0.002817   0.000019
  0.997491   0.002483   0.000026
  0.998026   0.001927   0.000047
  0.996573   0.003330   0.000097
  0.994838   0.004974   0.000188
  0.994367   0.005378   0.000255
  0.996190   0.003493   0.000316
  0.997538   0.002090   0.000372
  0.998071   0.001366   0.000562
  0.998429   0.000797   0.000774
  0.998599   0.000586   0.000815
  0.999079   0.000369   0.000552
  0.999476   0.000270   0.000254
  0.999657   0.000229   0.000114
  0.999648   0.000289   0.000063
  0.999653   0.000302   0.000044
  0.999636   0.000327   0.000037
  0.999510   0.000444   0.000046
  0.999078   0.000810   0.000112
  0.997885   0.001712   0.000403
  0.995127   0.003215   0.001658
  0.995547   0.001670   0.002783
  0.997976   0.000436   0.001588
  0.998693   0.000182   0.001125
  0.998990   0.000089   0.000921
  0.999125   0.000056   0.000819
  0.999258   0.000042   0.000700
  0.999215   0.000052   0.000733
  0.999395   0.000067   0.000537
  0.999659   0.000073   0.000268
  0.999765   0.000091   0.000145
  0.999805   0.000094   0.000101
  0.999812   0.000095   0.000093
  0.999784   0.000104   0.000112
  0.999780   0.000095   0.000125
  0.999826   0.000071   0.000103
  0.999864   0.000056   0.000081
  0.999881   0.000044   0.000076
  0.999881   0.000036   0.000084
  0.999879   0.000029   0.000092
  0.999880   0.000025   0.000095
  0.999857   0.000023   0.000120
  0.999793   0.000019   0.000188
  0.999755   0.000018   0.000227
  0.999812   0.000024   0.000164
  0.999841   0.000044   0.000115
  0.999802   0.000096   0.000102
  0.999735   0.000195   0.000070
  0.999581   0.000377   0.000042
  0.999370   0.000595   0.000035
  0.999191   0.000778   0.000031
  0.999076   0.000896   0.000028
  0.999141   0.000836   0.000023
  0.999165   0.000814   0.000022
  0.999317   0.000663   0.000020
  0.999598   0.000384   0.000019
  0.999658   0.000317   0.000024
  0.999566   0.000398   0.000035
  0.999412   0.000532   0.000056
  0.999010   0.000901   0.000089
  0.996560   0.003258   0.000182
  0.983239   0.016303   0.000458
  0.993605   0.006039   0.000357
  0.997774   0.001960   0.000266
  0.998446   0.001254   0.000300
  0.997433   0.002005   0.000562
  0.994042   0.004467   0.001491
  0.981795   0.012858   0.005347
  0.990816   0.005325   0.003860
  0.997962   0.001050   0.000988
  0.999321   0.000306   0.000373
  0.999491   0.000207   0.000301
  0.999430   0.000230   0.000340
  0.999320   0.000284   0.000396
  0.999326   0.000279   0.000395
  0.999521   0.000202   0.000277
  0.999585   0.000167   0.000248
  0.999633   0.000139   0.000228
  0.999540   0.000156   0.000304
  0.999369   0.000192   0.000439
  0.999147   0.000232   0.000621
  0.998934   0.000285   0.000781
  0.998445   0.000501   0.001054
  0.997311   0.000926   0.001763
  0.995089   0.001649   0.003262
  0.992871   0.002280   0.004849
  0.992567   0.002294   0.005139
  0.994541   0.001840   0.003618
  0.995540   0.001695   0.002766
  0.995517   0.001837   0.002646
  0.990369   0.004235   0.005396
  0.982082   0.008864   0.009054
  0.988883   0.006057   0.005061
  0.994259   0.003246   0.002495
  0.994790   0.002734   0.002477
  0.985294   0.006303   0.008403
  0.976941   0.007292   0.015768
  0.995053   0.001176   0.003771
  0.997877   0.000350   0.001774
  0.997568   0.000165   0.002267
  0.992466   0.000116   0.007419
  0.976156   0.000101   0.023743
  0.993043   0.000041   0.006916
  0.994578   0.000031   0.005391
  0.990777   0.000034   0.009189
  0.975362   0.000037   0.024601
  0.987474   0.000026   0.012500
  0.992974   0.000021   0.007005
  0.993722   0.000020   0.006258
  0.985242   0.000021   0.014737
  0.965559   0.000021   0.034420
  0.990879   0.000024   0.009097
  0.998173   0.000036   0.001791
  0.999516   0.000070   0.000414
  0.999734   0.000153   0.000113
  0.999637   0.000324   0.000039
  0.999052   0.000924   0.000024
  0.997139   0.002839   0.000021
  0.991551   0.008427   0.000022
  0.992810   0.007170   0.000020
  0.996548   0.003434   0.000018
  0.998251   0.001732   0.000017
  0.998397   0.001586   0.000017
  0.998702   0.001281   0.000017
  0.998802   0.001180   0.000018
  0.998211   0.001767   0.000023
  0.994983   0.004978   0.000039
  0.990749   0.009191   0.000060
  0.997214   0.002731   0.000054
  0.998883   0.001067   0.000051
  0.999431   0.000529   0.000040
  0.999669   0.000301   0.000030
  0.999799   0.000177   0.000024
  0.999885   0.000096   0.000019
  0.999916   0.000066   0.000018
  0.999926   0.000049   0.000024
  0.999919   0.000040   0.000041
  0.999897   0.000033   0.000070
  0.999755   0.000029   0.000217
  0.999048   0.000024   0.000928
  0.996881   0.000022   0.003097
  0.991963   0.000020   0.008016
  0.993458   0.000019   0.006523
  0.997423   0.000019   0.002558
  0.998756   0.000019   0.001225
  0.999073   0.000021   0.000906
  0.999095   0.000024   0.000881
  0.999359   0.000028   0.000613
  0.999490   0.000039   0.000470
  0.999522   0.000046   0.000432
  0.999398   0.000062   0.000540
  0.999220   0.000089   0.000692
  0.999393   0.000136   0.000471
  0.999428   0.000261   0.000311
  0.998948   0.000815   0.000236
  0.995094   0.004676   0.000230
  0.988923   0.010878   0.000199
  0.997094   0.002728   0.000178
  0.998888   0.000867   0.000245
  0.999172   0.000329   0.000499
  0.998376   0.000090   0.001534
  0.994890   0.000065   0.005045
  0.988276   0.000079   0.011645
  0.995799   0.000072   0.004129
  0.998531   0.000083   0.001386
  0.999270   0.000117   0.000613
  0.999145   0.000301   0.000554
  0.998216   0.001027   0.000756
  0.990457   0.008133   0.001410
  0.990860   0.008232   0.000908
  0.998282   0.001332   0.000386
  0.999404   0.000390   0.000205
  0.999614   0.000188   0.000198
  0.999357   0.000184   0.000460
  0.998222   0.000302   0.001475
  0.992781   0.000890   0.006328
  0.989227   0.003226   0.007547
  0.986351   0.009466   0.004183
  0.993145   0.004706   0.002148
  0.996765   0.001876   0.001359
  0.996305   0.001490   0.002205
  0.989736   0.001802   0.008462
  0.979419   0.002840   0.017742
  0.994016   0.002432   0.003553
  0.996422   0.002945   0.000633
  0.994000   0.005785   0.000214
  0.990987   0.008904   0.000109
  0.989814   0.010115   0.000070
  0.989838   0.010102   0.000060
  0.979345   0.020578   0.000077
  0.990626   0.009300   0.000074
  0.986940   0.012967   0.000093
  0.971647   0.028238   0.000115
  0.983468   0.016420   0.000112
  0.979550   0.020310   0.000139
  0.977134   0.022693   0.000173
  0.975128   0.024612   0.000259
  0.983732   0.015979   0.000289
  0.940749   0.058500   0.000751
  0.986345   0.013187   0.000468
  0.987703   0.011723   0.000575
  0.951018   0.047568   0.001415
  0.986445   0.012877   0.000678
  0.987907   0.011552   0.000541
  0.942388   0.056243   0.001369
  0.972165   0.026774   0.001061
  0.981931   0.017309   0.000760
  0.950235   0.049013   0.000752
  0.975824   0.023764   0.000412
  0.982180   0.017658   0.000162
  0.970166   0.029756   0.000077
  0.968585   0.031365   0.000050
  0.979765   0.020197   0.000037
  0.977535   0.022440   0.000025
  0.972534   0.027447   0.000020
  0.979076   0.020906   0.000018
  0.984730   0.015251   0.000019
  0.982122   0.017858   0.000020
  0.980815   0.019164   0.000021
  0.980365   0.019615   0.000020
  0.983644   0.016339   0.000017
  0.985814   0.014169   0.000017
  0.993799   0.006183   0.000019
  0.996471   0.003508   0.000021
  0.995528   0.004443   0.000029
  0.988683   0.011270   0.000047
  0.991863   0.008073   0.000064
  0.998882   0.001070   0.000048
  0.999771   0.000195   0.000035
  0.999916   0.000057   0.000027
  0.999946   0.000028   0.000026
  0.999933   0.000023   0.000044
  0.999766   0.000025   0.000209
  0.998163   0.000031   0.001806
  0.989951   0.000043   0.010006
  0.998579   0.000062   0.001359
  0.999766   0.000114   0.000120
  0.999663   0.000307   0.000030
  0.998764   0.001213   0.000023
  0.993389   0.006582   0.000028
  0.986759   0.013205   0.000035
  0.996160   0.003803   0.000037
  0.998498   0.001456   0.000046
  0.999496   0.000421   0.000083
  0.999659   0.000131   0.000210
  0.999023   0.000045   0.000932
  0.996105   0.000024   0.003871
  0.997779   0.000018   0.002203
  0.999712   0.000022   0.000265
  0.999916   0.000031   0.000052
  0.999907   0.000063   0.000029
  0.999679   0.000255   0.000067
  0.998197   0.001240   0.000563
  0.984667   0.010606   0.004727
  0.988502   0.010783   0.000716
  0.995876   0.004069   0.000055
  0.996191   0.003790   0.000019
  0.989381   0.010583   0.000036
  0.987064   0.012747   0.000190
  0.996091   0.002495   0.001414
  0.993922   0.000903   0.005174
  0.999020   0.000160   0.000820
  0.999857   0.000036   0.000107
  0.999937   0.000022   0.000042
  0.999916   0.000037   0.000047
  0.999617   0.000187   0.000195
  0.997073   0.001461   0.001466
  0.978218   0.010150   0.011631
  0.996388   0.001694   0.001917
  0.999702   0.000144   0.000154
  0.999943   0.000029   0.000029
  0.999965   0.000017   0.000018
  0.999936   0.000025   0.000039
  0.999750   0.000072   0.000178
  0.998801   0.000286   0.000913
  0.995942   0.000678   0.003381
  0.996330   0.000529   0.003141
  0.999055   0.000209   0.000735
  0.999660   0.000127   0.000213
  0.999799   0.000113   0.000088
  0.999826   0.000126   0.000048
  0.999839   0.000132   0.000029
  0.999833   0.000144   0.000023
  0.999846   0.000133   0.000021
  0.999851   0.000128   0.000021
  0.999848   0.000129   0.000024
  0.999871   0.000099   0.000030
  0.999863   0.000094   0.000043
  0.999855   0.000086   0.000059
  0.999858   0.000082   0.000060
  0.999848   0.000088   0.000064
  0.999834   0.000095   0.000071
  0.999732   0.000153   0.000116
  0.999357   0.000400   0.000243
  0.996595   0.002498   0.000907
  0.969009   0.024451   0.006540
  0.987235   0.003573   0.009192
  0.986340   0.000905   0.012755
  0.987853   0.000352   0.011795
  0.990776   0.000237   0.008987
  0.992481   0.000179   0.007340
  0.990799   0.000161   0.009040
  0.982809   0.000193   0.016998
  0.978172   0.000312   0.021516
  0.987515   0.000498   0.011988
  0.992870   0.000783   0.006347
  0.996488   0.001404   0.002108
  0.995079   0.003787   0.001133
  0.987942   0.011152   0.000906
  0.991319   0.008214   0.000468
  0.997550   0.002221   0.000229
  0.999119   0.000720   0.000161
  0.999564   0.000257   0.000179
  0.999463   0.000154   0.000383
  0.998983   0.000141   0.000876
  0.997787   0.000266   0.001947
  0.996327   0.000890   0.002783
  0.992128   0.006576   0.001295
  0.980167   0.019565   0.000268
  0.995248   0.004712   0.000041
  0.995534   0.004437   0.000029
  0.990142   0.009795   0.000063
  0.989111   0.010754   0.000135
  0.995827   0.003981   0.000192
  0.996491   0.003188   0.000320
  0.995573   0.003598   0.000829
  0.992840   0.005187   0.001972
  0.987289   0.008730   0.003981
  0.984281   0.010877   0.004842
  0.989739   0.007281   0.002980
  0.988431   0.008867   0.002702
  0.973011   0.024800   0.002189
  0.978005   0.021262   0.000733
  0.989381   0.010407   0.000212
  0.975184   0.024666   0.000151
  0.982387   0.017525   0.000088
  0.982740   0.017175   0.000085
  0.969286   0.030595   0.000119
  0.981652   0.018221   0.000126
  0.975608   0.024246   0.000146
  0.981618   0.018272   0.000110
  0.974813   0.025134   0.000054
  0.973027   0.026937   0.000036
  0.978650   0.021319   0.000031
  0.982197   0.017772   0.000031
  0.986191   0.013776   0.000033
  0.976841   0.023122   0.000037
  0.974723   0.025227   0.000050
  0.979370   0.020569   0.000062
  0.961199   0.038714   0.000087
  0.976653   0.023226   0.000122
  0.960965   0.038790   0.000246
  0.962688   0.036955   0.000356
  0.970576   0.028929   0.000495
  0.947576   0.051491   0.000933
  0.970928   0.027798   0.001274
  0.953510   0.043656   0.002834
  0.985111   0.012352   0.002537
  0.982806   0.013286   0.003909
  0.965116   0.028336   0.006549
  0.984935   0.011714   0.003351
  0.990555   0.007371   0.002074
  0.962782   0.032498   0.004720
  0.982190   0.015748   0.002062
  0.988237   0.010791   0.000972
  0.964578   0.034184   0.001239
  0.989999   0.009573   0.000428
  0.990929   0.008859   0.000212
  0.980474   0.019365   0.000161
  0.981507   0.018398   0.000095
  0.989363   0.010593   0.000044
  0.980367   0.019596   0.000037
  0.983484   0.016474   0.000042
  0.987978   0.011972   0.000050
  0.976810   0.023104   0.000086
  0.984185   0.015687   0.000128
  0.988515   0.011241   0.000244
  0.976157   0.023193   0.000651
  0.991917   0.007384   0.000699
  0.990644   0.007900   0.001457
  0.970868   0.021502   0.007630
  0.971299   0.012621   0.016080
  0.966080   0.008979   0.024941
  0.978632   0.007426   0.013942
  0.972472   0.014155   0.013372
  0.966498   0.020579   0.012923
  0.979810   0.011569   0.008621
  0.945527   0.023297   0.031177
  0.955585   0.009046   0.035369
  0.958858   0.005595   0.035547
  0.945379   0.011391   0.043230
  0.941006   0.040083   0.018911
  0.971291   0.015601   0.013108
  0.923024   0.014514   0.062462
  0.925610   0.025824   0.048567
  0.943644   0.028160   0.028196
  0.922313   0.017904   0.059783
  0.914545   0.023538   0.061917
  0.967075   0.024081   0.008845
  0.984869   0.012520   0.002611
  0.967941   0.027009   0.005051
  0.962203   0.019118   0.018679
  0.920780   0.008517   0.070703
  0.982813   0.004002   0.013185
  0.966498   0.017374   0.016128
  0.949989   0.031365   0.018645
  0.980983   0.010806   0.008211
  0.900117   0.056172   0.043711
  0.950099   0.025184   0.024717
  0.979721   0.009306   0.010973
  0.935951   0.026157   0.037892
  0.968547   0.012765   0.018688
  0.977245   0.008460   0.014295
  0.945296   0.015460   0.039245
  0.978835   0.006743   0.014422
  0.975024   0.008610   0.016366
  0.930249   0.023561   0.046190
  0.973142   0.008057   0.018801
  0.982008   0.004451   0.013541
  0.954634   0.008654   0.036712
  0.978768   0.007619   0.013614
  0.961126   0.022766   0.016109
  0.965323   0.023907   0.010770
  0.985402   0.009477   0.005121
  0.969047   0.019479   0.011473
  0.960605   0.022361   0.017034
  0.976585   0.010253   0.013162
  0.975821   0.007287   0.016892
  0.978458   0.005272   0.016270
  0.976899   0.004853   0.018248
  0.975250   0.005389   0.019361
  0.965862   0.013193   0.020945
  0.969804   0.020061   0.010135
  0.981271   0.013382   0.005346
  0.961649   0.029228   0.009123
  0.960265   0.024212   0.015523
  0.950733   0.021891   0.027376
  0.952300   0.021543   0.026157
  0.958810   0.022291   0.018899
  0.955013   0.027753   0.017234
  0.956167   0.024228   0.019605
  0.953133   0.018856   0.028011
  0.941576   0.013371   0.045054
  0.977738   0.005302   0.016959
  0.937555   0.015322   0.047124
  0.976107   0.007987   0.015907
  0.990811   0.003904   0.005285
  0.979743   0.011087   0.009170
  0.972635   0.013803   0.013563
  0.976101   0.003717   0.020182
  0.973355   0.001120   0.025525
  0.977438   0.000340   0.022222
  0.975228   0.000155   0.024618
  0.984223   0.000083   0.015693
  0.985591   0.000070   0.014339
  0.989516   0.000072   0.010411
  0.987843   0.000070   0.012087
  0.979317   0.000055   0.020628
  0.979921   0.000046   0.020033
  0.979326   0.000041   0.020632
  0.981448   0.000034   0.018518
  0.982990   0.000032   0.016978
  0.983918   0.000029   0.016052
  0.988458   0.000038   0.011505
  0.985850   0.000055   0.014095
  0.974548   0.000071   0.025381
  0.986568   0.000066   0.013366
  0.992379   0.000076   0.007545
  0.987696   0.000108   0.012195
  0.980557   0.000167   0.019276
  0.988451   0.000155   0.011394
  0.986828   0.000206   0.012965
  0.980458   0.000397   0.019145
  0.985732   0.000880   0.013388
  0.988556   0.003084   0.008360
  0.962354   0.029516   0.008129
  0.990963   0.006178   0.002859
  0.995372   0.001967   0.002661
  0.987606   0.001932   0.010462
  0.953649   0.005686   0.040665
  0.966549   0.026863   0.006587
  0.990092   0.008723   0.001186
  0.997550   0.002225   0.000225
  0.998974   0.000974   0.000052
  0.999576   0.000402   0.000022
  0.999781   0.000202   0.000017
  0.999876   0.000101   0.000023
  0.999906   0.000056   0.000039
  0.999886   0.000040   0.000075
  0.999851   0.000029   0.000121
  0.999848   0.000025   0.000128
  0.999747   0.000024   0.000229
  0.999626   0.000021   0.000353
  0.999434   0.000022   0.000544
  0.999094   0.000025   0.000881
  0.998941   0.000035   0.001024
  0.999122   0.000065   0.000813
  0.999010   0.000228   0.000763
  0.997979   0.001170   0.000851
  0.992753   0.005880   0.001366
  0.990599   0.007429   0.001972
  0.996987   0.001043   0.001970
  0.996045   0.000209   0.003746
  0.990925   0.000054   0.009021
  0.987311   0.000023   0.012666
  0.993155   0.000017   0.006828
  0.997250   0.000018   0.002732
  0.998552   0.000019   0.001429
  0.998988   0.000019   0.000993
  0.999009   0.000019   0.000971
  0.998988   0.000019   0.000993
  0.999205   0.000018   0.000777
  0.999195   0.000017   0.000788
  0.998565   0.000018   0.001418
  0.997798   0.000019   0.002182
  0.995598   0.000023   0.004379
  0.991194   0.000036   0.008770
  0.992813   0.000068   0.007119
  0.996227   0.000123   0.003650
  0.997540   0.000284   0.002176
  0.996738   0.000971   0.002290
  0.990224   0.004398   0.005378
  0.984990   0.007598   0.007413
  0.996261   0.001625   0.002113
  0.997565   0.000665   0.001770
  0.998046   0.000295   0.001659
  0.997749   0.000191   0.002060
  0.994865   0.000158   0.004976
  0.982030   0.000165   0.017805
  0.994131   0.000064   0.005805
  0.998726   0.000026   0.001248
  0.999087   0.000019   0.000894
  0.999209   0.000017   0.000774
  0.999171   0.000019   0.000810
  0.998753   0.000021   0.001226
  0.996755   0.000027   0.003218
  0.992335   0.000032   0.007633
  0.989768   0.000037   0.010196
  0.995802   0.000040   0.004157
  0.998368   0.000039   0.001594
  0.999018   0.000036   0.000946
  0.999215   0.000034   0.000751
  0.999289   0.000034   0.000677
  0.999070   0.000040   0.000890
  0.998733   0.000051   0.001216
  0.997857   0.000091   0.002052
  0.996360   0.000182   0.003458
  0.996011   0.000445   0.003544
  0.994082   0.001105   0.004813
  0.989269   0.004123   0.006608
  0.978343   0.011605   0.010053
  0.984596   0.004864   0.010539
  0.983741   0.001625   0.014634
  0.977910   0.000651   0.021438
  0.975322   0.000366   0.024313
  0.968030   0.000208   0.031762
  0.960849   0.000151   0.039000
  0.973136   0.000119   0.026745
  0.970887   0.000104   0.029009
  0.964327   0.000093   0.035580
  0.963315   0.000089   0.036596
  0.977854   0.000079   0.022067
  0.983665   0.000048   0.016286
  0.982247   0.000035   0.017718
  0.975007   0.000033   0.024960
  0.981210   0.000037   0.018752
  0.989653   0.000039   0.010309
  0.991323   0.000044   0.008633
  0.980804   0.000076   0.019120
  0.974569   0.000133   0.025298
  0.982559   0.000214   0.017227
  0.978473   0.000308   0.021219
  0.983086   0.000368   0.016546
  0.982266   0.000829   0.016904
  0.977592   0.003063   0.019345
  0.966956   0.016637   0.016406
  0.987855   0.007810   0.004335
  0.995524   0.002743   0.001733
  0.993711   0.004140   0.002149
  0.980333   0.015280   0.004387
  0.978380   0.013463   0.008157
  0.987868   0.003090   0.009041
  0.988088   0.001218   0.010694
  0.974838   0.000906   0.024256
  0.978298   0.001788   0.019914
  0.987514   0.005347   0.007139
  0.970539   0.024044   0.005417
  0.967190   0.025400   0.007410
  0.980848   0.003401   0.015751
  0.976592   0.002126   0.021282
  0.976258   0.004997   0.018744
  0.933490   0.043820   0.022691
  0.983793   0.007408   0.008799
  0.968954   0.007922   0.023124
  0.926491   0.031081   0.042428
  0.963006   0.027297   0.009697
  0.955876   0.030416   0.013707
  0.948366   0.023689   0.027945
  0.949766   0.013334   0.036899
  0.962477   0.013941   0.023582
  0.948038   0.025070   0.026892
  0.949776   0.024589   0.025634
  0.952664   0.019153   0.028182
  0.933941   0.024501   0.041558
  0.952711   0.017408   0.029881
  0.945745   0.020465   0.033790
  0.950161   0.021053   0.028786
  0.956276   0.020173   0.023551
  0.931764   0.032205   0.036031
  0.963759   0.015563   0.020678
  0.945179   0.022373   0.032448
  0.902513   0.047378   0.050109
  0.934732   0.042553   0.022715
  0.945596   0.038894   0.015511
  0.916908   0.051276   0.031815
  0.922475   0.025526   0.051999
  0.940266   0.013435   0.046300
  0.910469   0.027226   0.062305
  0.919203   0.039698   0.041098
  0.944966   0.026914   0.028120
  0.916828   0.038963   0.044209
  0.952930   0.021569   0.025500
  0.954587   0.019623   0.025790
  0.898306   0.040460   0.061233
  0.959739   0.018541   0.021720
  0.941599   0.030036   0.028366
  0.914968   0.043888   0.041144
  0.959564   0.015999   0.024437
  0.888555   0.033015   0.078430
  0.951032   0.018294   0.030674
  0.947653   0.023865   0.028481
  0.927837   0.023772   0.048391
  0.958948   0.008553   0.032499
  0.931025   0.010953   0.058022
  0.945113   0.019168   0.035719
  0.952642   0.025279   0.022079
  0.979855   0.010848   0.009297
  0.977909   0.011730   0.010361
  0.958124   0.020452   0.021424
  0.979086   0.008786   0.012128
  0.973908   0.010555   0.015538
  0.948711   0.020190   0.031099
  0.968957   0.007657   0.023386
  0.955791   0.005294   0.038915
  0.977854   0.003938   0.018208
  0.984375   0.005209   0.010416
  0.968880   0.011425   0.019696
  0.981458   0.006683   0.011859
  0.982088   0.002902   0.015010
  0.967823   0.002461   0.029716
  0.973210   0.003920   0.022870
  0.962478   0.012058   0.025464
  0.970943   0.007068   0.021989
  0.979694   0.003087   0.017219
  0.975858   0.002996   0.021146
  0.967779   0.007776   0.024446
  0.958481   0.023976   0.017542
  0.982705   0.008590   0.008705
  0.987553   0.003516   0.008931
  0.965902   0.002152   0.031946
  0.971821   0.002390   0.025789
  0.986529   0.004304   0.009167
  0.979255   0.011705   0.009040
  0.960834   0.010517   0.028649
  0.972836   0.003034   0.024130
  0.991962   0.001520   0.006518
  0.993395   0.001800   0.004805
  0.967512   0.011589   0.020899
  0.928387   0.033617   0.037997
  0.985811   0.002485   0.011704
  0.976043   0.000873   0.023084
  0.949931   0.000423   0.049646
  0.978407   0.000204   0.021389
  0.985275   0.000119   0.014606
  0.957342   0.000123   0.042535
  0.930571   0.000150   0.069279
  0.972960   0.000257   0.026783
  0.979372   0.000464   0.020163
  0.979549   0.001281   0.019170
  0.965452   0.004946   0.029602
  0.966045   0.010160   0.023795
  0.978370   0.001863   0.019768
  0.961324   0.000277   0.038399
  0.965412   0.000089   0.034498
  0.982438   0.000051   0.017511
  0.980068   0.000048   0.019884
  0.965653   0.000100   0.034247
  0.972833   0.000422   0.026745
  0.981584   0.003184   0.015232
  0.965742   0.014519   0.019739
  0.959070   0.009989   0.030941
  0.970484   0.007774   0.021741
  0.975179   0.009824   0.014996
  0.951151   0.019015   0.029834
  0.948282   0.011482   0.040237
  0.986737   0.004304   0.008959
  0.990734   0.003300   0.005966
  0.979296   0.003909   0.016795
  0.929681   0.002639   0.067679
  0.968708   0.001099   0.030193
  0.965725   0.000714   0.033561
  0.944489   0.000462   0.055049
  0.969797   0.000388   0.029815
  0.965779   0.000452   0.033769
  0.933668   0.000995   0.065337
  0.972072   0.001390   0.026537
  0.955977   0.003319   0.040704
  0.959619   0.005452   0.034929
  0.988157   0.002688   0.009155
  0.967880   0.006013   0.026107
  0.922520   0.011432   0.066048
  0.960055   0.009441   0.030504
  0.905406   0.024389   0.070205
  0.942073   0.020864   0.037062
  0.927830   0.042248   0.029922
  0.948760   0.016309   0.034931
  0.914538   0.013851   0.071611
  0.934688   0.035412   0.029900
  0.968714   0.018886   0.012400
  0.941977   0.019459   0.038564
  0.955868   0.020971   0.023161
  0.973315   0.019529   0.007157
  0.937806   0.045620   0.016574
  0.952190   0.014859   0.032952
  0.951746   0.020234   0.028020
  0.919793   0.064910   0.015297
  0.934042   0.047128   0.018831
  0.885838   0.068781   0.045381
  0.910939   0.064559   0.024501
  0.904671   0.079043   0.016286
  0.906831   0.057849   0.035321
  0.916594   0.050458   0.032948
  0.899076   0.085447   0.015477
  0.939233   0.053369   0.007397
  0.892158   0.091257   0.016585
  0.936958   0.030443   0.032599
  0.938076   0.049694   0.012230
  0.945102   0.047698   0.007200
  0.974669   0.013986   0.011346
  0.945791   0.026601   0.027608
  0.940325   0.041381   0.018294
  0.975557   0.019955   0.004488
  0.962860   0.034537   0.002603
  0.969906   0.026992   0.003102
  0.984282   0.008946   0.006772
  0.957677   0.008887   0.033436
  0.955422   0.022131   0.022447
  0.963937   0.030443   0.005621
  0.987121   0.011576   0.001304
  0.977723   0.021862   0.000415
  0.972272   0.027555   0.000173
  0.985149   0.014750   0.000101
  0.984460   0.015464   0.000076
  0.978014   0.021919   0.000068
  0.983562   0.016382   0.000055
  0.990043   0.009917   0.000040
  0.981745   0.018225   0.000030
  0.967806   0.032168   0.000026
  0.976881   0.023094   0.000025
  0.973160   0.026816   0.000025
  0.973965   0.026007   0.000028
  0.983357   0.016609   0.000035
  0.973177   0.026775   0.000047
  0.959161   0.040791   0.000048
  0.974771   0.025176   0.000053
  0.962064   0.037836   0.000100
  0.956860   0.042864   0.000276
  0.957224   0.041751   0.001025
  0.958597   0.037905   0.003498
  0.941233   0.051335   0.007432
  0.937895   0.057872   0.004232
  0.925238   0.072880   0.001881
  0.911203   0.087718   0.001079
  0.907127   0.091702   0.001170
  0.893010   0.105769   0.001221
  0.730184   0.268750   0.001066
  0.787775   0.210834   0.001391
  0.842105   0.155877   0.002018
  0.775349   0.220810   0.003841
  0.641280   0.350197   0.008523
  0.676808   0.312956   0.010236
  0.858811   0.134381   0.006808
  0.851576   0.145019   0.003406
  0.784191   0.213090   0.002719
  0.869503   0.124941   0.005555
  0.855971   0.131345   0.012684
  0.837818   0.155195   0.006987
  0.904263   0.092189   0.003548
  0.908270   0.090239   0.001491
  0.915432   0.083463   0.001105
  0.890622   0.108121   0.001258
  0.904155   0.094348   0.001497
  0.931630   0.066385   0.001985
  0.896028   0.101343   0.002629
  0.898725   0.096585   0.004690
  0.932135   0.060130   0.007735
  0.904194   0.086321   0.009485
  0.919113   0.070453   0.010434
  0.931092   0.057627   0.011281
  0.929940   0.062961   0.007099
  0.917912   0.077020   0.005068
  0.942940   0.050616   0.006443
  0.928057   0.060241   0.011703
  0.873466   0.097851   0.028683
  0.910881   0.060602   0.028517
  0.928402   0.063552   0.008046
  0.911960   0.084293   0.003747
  0.948923   0.047211   0.003866
  0.937053   0.053599   0.009348
  0.847991   0.095599   0.056410
  0.940488   0.040716   0.018796
  0.953347   0.041135   0.005518
  0.933489   0.061736   0.004775
  0.938996   0.040447   0.020557
  0.895600   0.043528   0.060872
  0.920004   0.067045   0.012951
  0.952390   0.038647   0.008963
  0.911313   0.055082   0.033605
  0.865501   0.087667   0.046832
  0.943073   0.047234   0.009693
  0.954123   0.040932   0.004945
  0.952291   0.042895   0.004814
  0.912784   0.070219   0.016997
  0.918237   0.037791   0.043971
  0.946428   0.034243   0.019329
  0.922294   0.060090   0.017616
  0.947624   0.026975   0.025401
  0.925709   0.046179   0.028112
  0.924960   0.065492   0.009548
  0.937265   0.054739   0.007996
  0.935181   0.050484   0.014335
  0.912582   0.056210   0.031208
  0.926613   0.037220   0.036167
  0.923438   0.031564   0.044998
  0.929100   0.028058   0.042842
  0.897699   0.052459   0.049842
  0.824222   0.112643   0.063134
  0.918236   0.060306   0.021458
  0.691009   0.273232   0.035758
  0.848486   0.128554   0.022959
  0.878941   0.101098   0.019961
  0.740706   0.229807   0.029487
  0.893764   0.083326   0.022910
  0.790156   0.170125   0.039719
  0.782820   0.151001   0.066179
  0.832200   0.117820   0.049980
  0.797934   0.161347   0.040719
  0.755970   0.201584   0.042446
  0.810883   0.155307   0.033810
  0.817627   0.138048   0.044325
  0.713676   0.198283   0.088042
  0.781510   0.109623   0.108867
  0.828590   0.066964   0.104446
  0.893508   0.064355   0.042138
  0.823876   0.093844   0.082280
  0.860346   0.071489   0.068165
  0.869027   0.099807   0.031166
  0.930731   0.039123   0.030146
  0.903684   0.042044   0.054271
  0.874488   0.072074   0.053438
  0.900646   0.064770   0.034584
  0.885349   0.078555   0.036096
  0.842982   0.060607   0.096411
  0.864097   0.068847   0.067056
  0.870946   0.097578   0.031476
  0.896800   0.057903   0.045298
  0.867589   0.065943   0.066468
  0.852803   0.089452   0.057745
  0.881672   0.058645   0.059683
  0.845890   0.077891   0.076219
  0.876213   0.078424   0.045362
  0.873258   0.070498   0.056244
  0.829325   0.096548   0.074127
  0.912515   0.036160   0.051326
  0.840686   0.091525   0.067789
  0.876691   0.075422   0.047887
  0.864801   0.091550   0.043649
  0.827538   0.121617   0.050845
  0.854707   0.119872   0.025420
  0.783390   0.188779   0.027832
  0.812531   0.138667   0.048803
  0.715023   0.260538   0.024439
  0.815304   0.156817   0.027879
  0.756679   0.202524   0.040797
  0.911526   0.064536   0.023938
  0.829284   0.133702   0.037014
  0.918041   0.064917   0.017042
  0.900232   0.055893   0.043874
  0.934491   0.032664   0.032845
  0.886968   0.077667   0.035365
  0.928154   0.039942   0.031904
  0.929319   0.032829   0.037852
  0.905229   0.052858   0.041914
  0.905816   0.050955   0.043230
  0.916553   0.043052   0.040395
  0.918975   0.049402   0.031623
  0.924266   0.040799   0.034934
  0.916953   0.025275   0.057772
  0.927044   0.021640   0.051316
  0.910543   0.032082   0.057375
  0.934605   0.024811   0.040584
  0.926305   0.030866   0.042828
  0.960908   0.018462   0.020629
  0.928356   0.037187   0.034458
  0.958352   0.020162   0.021486
  0.945261   0.024770   0.029969
  0.945779   0.025064   0.029157
  0.952859   0.024280   0.022862
  0.935563   0.034766   0.029672
  0.947820   0.026676   0.025504
  0.929379   0.029846   0.040775
  0.920137   0.030069   0.049794
  0.891325   0.036494   0.072181
  0.942246   0.026349   0.031405
  0.899913   0.060117   0.039970
  0.946267   0.027468   0.026264
  0.875266   0.046243   0.078491
  0.935280   0.022504   0.042217
  0.884697   0.035919   0.079383
  0.934127   0.027586   0.038287
  0.929146   0.031369   0.039486
  0.900653   0.040395   0.058952
  0.911865   0.025689   0.062446
  0.904696   0.026994   0.068310
  0.897462   0.047058   0.055479
  0.920734   0.041947   0.037319
  0.918422   0.032592   0.048986
  0.917376   0.016656   0.065968
  0.917761   0.028784   0.053455
  0.938513   0.040254   0.021233
  0.938512   0.040044   0.021444
  0.929857   0.032881   0.037262
  0.949287   0.025088   0.025626
  0.848652   0.099131   0.052217
  0.942068   0.040697   0.017235
  0.873891   0.096863   0.029246
  0.954021   0.023250   0.022729
  0.917344   0.031946   0.050710
  0.943143   0.038772   0.018084
  0.925544   0.067452   0.007004
  0.953255   0.044486   0.002259
  0.915656   0.081551   0.002792
  0.965090   0.031610   0.003300
  0.926851   0.056034   0.017115
  0.960425   0.015956   0.023618
  0.975198   0.015869   0.008933
  0.920690   0.068207   0.011103
  0.982568   0.011080   0.006353
  0.910456   0.049112   0.040432
  0.985033   0.008475   0.006493
  0.975208   0.017968   0.006824
  0.958065   0.030857   0.011078
  0.977912   0.009871   0.012218
  0.891610   0.028880   0.079510
  0.956289   0.024708   0.019003
  0.924902   0.050600   0.024497
  0.971249   0.014416   0.014334
  0.866210   0.061686   0.072104
  0.939263   0.031686   0.029051
  0.928223   0.044540   0.027237
  0.875370   0.086399   0.038231
  0.913893   0.057527   0.028581
  0.885837   0.068834   0.045329
  0.943542   0.025556   0.030902
  0.897819   0.049495   0.052686
  0.941125   0.031774   0.027101
  0.915846   0.043547   0.040607
  0.896855   0.030787   0.072358
  0.916562   0.021514   0.061924
  0.868759   0.068119   0.063122
  0.931140   0.037014   0.031846
  0.895549   0.037325   0.067126
  0.936068   0.035247   0.028685
  0.913836   0.028955   0.057209
  0.919344   0.018903   0.061753
  0.935404   0.038043   0.026553
  0.939579   0.035798   0.024623
  0.918106   0.017602   0.064292
  0.945950   0.018935   0.035114
  0.920083   0.034008   0.045909
  0.897015   0.012620   0.090365
  0.889681   0.025287   0.085032
  0.907526   0.050368   0.042106
  0.877108   0.026878   0.096014
  0.907030   0.026658   0.066312
  0.932650   0.040313   0.027038
  0.914168   0.017572   0.068260
  0.880690   0.009921   0.109390
  0.887622   0.032594   0.079783
  0.945298   0.016486   0.038216
  0.908237   0.008283   0.083480
  0.950361   0.011324   0.038315
  0.888178   0.077037   0.034784
  0.955464   0.021517   0.023019
  0.862004   0.062567   0.075430
  0.941488   0.029077   0.029435
  0.867307   0.079111   0.053582
  0.922249   0.040230   0.037522
  0.767965   0.102042   0.129993
  0.863871   0.061750   0.074379
  0.762143   0.116930   0.120927
  0.742338   0.116706   0.140956
  0.807289   0.078816   0.113895
  0.714689   0.130228   0.155083
  0.750748   0.109095   0.140157
  0.776187   0.116396   0.107417
  0.776525   0.110484   0.112991
  0.835620   0.068401   0.095979
  0.838803   0.072361   0.088836
  0.870226   0.057437   0.072338
  0.888116   0.056103   0.055781
  0.921677   0.042711   0.035612
  0.908487   0.043230   0.048282
  0.893958   0.029027   0.077015
  0.889827   0.042207   0.067966
  0.878833   0.028130   0.093036
  0.861709   0.020089   0.118202
  0.875082   0.018751   0.106167
  0.874564   0.028549   0.096887
  0.846953   0.034590   0.118457
  0.876817   0.029629   0.093555
  0.877671   0.059432   0.062897
  0.895738   0.059224   0.045038
  0.867615   0.044294   0.088091
  0.851382   0.035962   0.112656
  0.822610   0.054909   0.122481
  0.842311   0.069057   0.088631
  0.880428   0.052442   0.067130
  0.804488   0.051920   0.143592
  0.879917   0.051563   0.068520
  0.849771   0.076599   0.073630
  0.820469   0.067728   0.111803
  0.869727   0.088988   0.041285
  0.847162   0.085412   0.067427
  0.804420   0.054890   0.140691
  0.766296   0.120810   0.112895
  0.866498   0.080492   0.053011
  0.834844   0.059865   0.105291
  0.718061   0.123361   0.158578
  0.853862   0.060590   0.085548
  0.902123   0.035641   0.062236
  0.767165   0.086039   0.146796
  0.810581   0.033906   0.155513
  0.887368   0.026129   0.086504
  0.786992   0.094213   0.118795
  0.817958   0.040281   0.141762
  0.921595   0.027472   0.050934
  0.903070   0.073430   0.023500
  0.913343   0.046074   0.040583
  0.855209   0.032766   0.112025
  0.886701   0.070165   0.043134
  0.851553   0.084205   0.064242
  0.795078   0.048126   0.156796
  0.794192   0.063601   0.142207
  0.803781   0.091909   0.104310
  0.835527   0.058397   0.106077
  0.808029   0.054961   0.137010
  0.778899   0.066316   0.154785
  0.725217   0.065736   0.209048
  0.796181   0.073568   0.130251
  0.806245   0.080261   0.113494
  0.815746   0.079975   0.104279
  0.801960   0.079486   0.118554
  0.822801   0.089797   0.087403
  0.816765   0.061054   0.122180
  0.769584   0.071376   0.159040
  0.899230   0.053590   0.047180
  0.873827   0.086762   0.039412
  0.893405   0.036181   0.070414
  0.890953   0.037086   0.071962
  0.882701   0.071509   0.045790
  0.888867   0.031812   0.079321
  0.921913   0.019734   0.058354
  0.856614   0.088622   0.054763
  0.936289   0.041934   0.021777
  0.852451   0.072296   0.075253
  0.928752   0.028303   0.042945
  0.857001   0.068780   0.074220
  0.825697   0.098204   0.076099
  0.823256   0.110195   0.066549
  0.858524   0.089490   0.051986
  0.843976   0.086475   0.069549
  0.878513   0.061525   0.059962
  0.901779   0.059590   0.038631
  0.889315   0.066647   0.044038
  0.914368   0.044174   0.041457
  0.850395   0.090099   0.059506
  0.881788   0.071105   0.047107
  0.876308   0.063216   0.060476
  0.808985   0.065865   0.125149
  0.882603   0.047373   0.070023
  0.725344   0.121428   0.153228
  0.845968   0.083388   0.070645
  0.770221   0.079383   0.150396
  0.727297   0.081484   0.191219
  0.873031   0.058557   0.068412
  0.665460   0.122098   0.212442
  0.812611   0.049608   0.137781
  0.813834   0.063298   0.122868
  0.827755   0.065154   0.107091
  0.843999   0.042850   0.113150
  0.853738   0.063969   0.082293
  0.819466   0.040665   0.139869
  0.838704   0.046585   0.114711
  0.810976   0.088313   0.100711
  0.724304   0.042993   0.232703
  0.817226   0.083432   0.099343
  0.850905   0.052126   0.096969
  0.791066   0.052142   0.156792
  0.752537   0.127474   0.119989
  0.824139   0.046082   0.129779
  0.784019   0.106179   0.109802
  0.870039   0.057516   0.072445
  0.833551   0.084647   0.081802
  0.848054   0.057917   0.094029
  0.908008   0.037230   0.054761
  0.901586   0.051494   0.046920
  0.853980   0.046064   0.099956
  0.893262   0.012559   0.094179
  0.830390   0.039540   0.130071
  0.715402   0.158147   0.126451
  0.798939   0.086248   0.114813
  0.658372   0.161087   0.180542
  0.705921   0.134749   0.159330
  0.746549   0.088647   0.164804
  0.710928   0.134228   0.154845
  0.778433   0.076147   0.145420
  0.830335   0.084138   0.085527
  0.820323   0.067940   0.111737
  0.818027   0.044380   0.137593
  0.836587   0.111878   0.051535
  0.815453   0.165352   0.019196
  0.908856   0.064037   0.027107
  0.827252   0.090998   0.081750
  0.837105   0.101751   0.061144
  0.811086   0.125924   0.062990
  0.793095   0.066572   0.140333
  0.823159   0.135422   0.041419
  0.859348   0.083616   0.057036
  0.740546   0.154927   0.104527
  0.778518   0.114628   0.106853
  0.820786   0.085611   0.093603
  0.760165   0.150868   0.088967
  0.887481   0.051043   0.061477
  0.780390   0.133854   0.085755
  0.912226   0.064165   0.023609
  0.755929   0.170483   0.073589
  0.889990   0.059667   0.050343
  0.731403   0.208282   0.060316
  0.868813   0.076238   0.054949
  0.712530   0.251302   0.036169
  0.909281   0.069806   0.020913
  0.811144   0.122131   0.066726
  0.803983   0.137307   0.058710
  0.856529   0.104864   0.038607
  0.794151   0.162001   0.043848
  0.885538   0.058122   0.056340
  0.870995   0.086785   0.042220
  0.860348   0.108260   0.031392
  0.915425   0.047865   0.036710
  0.785871   0.167284   0.046846
  0.862764   0.095817   0.041419
  0.738111   0.168843   0.093046
  0.842021   0.119959   0.038020
  0.710968   0.215344   0.073688
  0.808316   0.142952   0.048732
  0.787134   0.185975   0.026891
  0.872608   0.092384   0.035008
  0.794920   0.109279   0.095801
  0.735113   0.227771   0.037116
  0.834455   0.146661   0.018884
  0.712282   0.225150   0.062568
  0.636431   0.298932   0.064636
  0.618280   0.366789   0.014931
  0.655694   0.331109   0.013196
  0.647570   0.287046   0.065383
  0.648182   0.308575   0.043243
  0.579529   0.401136   0.019336
  0.563551   0.393595   0.042854
  0.415587   0.554072   0.030341
  0.741428   0.243431   0.015142
  0.509405   0.458147   0.032448
  0.666775   0.278713   0.054512
  0.626814   0.327170   0.046016
  0.801695   0.157743   0.040562
  0.588742   0.350377   0.060881
  0.728097   0.228781   0.043123
  0.778345   0.193930   0.027725
  0.666423   0.305513   0.028063
  0.787907   0.182335   0.029758
  0.729194   0.233686   0.037120
  0.878147   0.104205   0.017648
  0.859143   0.124416   0.016441
  0.849850   0.125105   0.025045
  0.851626   0.113052   0.035322
  0.912679   0.068282   0.019038
  0.887939   0.093711   0.018350
  0.897924   0.082528   0.019548
  0.885433   0.085941   0.028627
  0.781111   0.145315   0.073575
  0.852202   0.088357   0.059441
  0.875173   0.064515   0.060312
  0.864201   0.063909   0.071890
  0.778193   0.097863   0.123944
  0.788616   0.103099   0.108285
  0.806416   0.118232   0.075352
  0.868809   0.080497   0.050694
  0.829738   0.097982   0.072280
  0.850182   0.078899   0.070919
  0.772753   0.117125   0.110122
  0.840900   0.082400   0.076700
  0.778391   0.118174   0.103435
  0.832059   0.093454   0.074487
  0.748099   0.147158   0.104743
  0.627802   0.205968   0.166230
  0.541865   0.242706   0.215429
  0.471554   0.297313   0.231133
  0.383106   0.384082   0.232812
  0.361702   0.401497   0.236801
  0.399391   0.399373   0.201236
  0.363940   0.529212   0.106848
  0.606454   0.299390   0.094157
  0.476424   0.446909   0.076667
  0.798301   0.126604   0.075095
  0.626094   0.273088   0.100818
  0.771020   0.191135   0.037844
  0.770734   0.192609   0.036657
  0.729387   0.227263   0.043351
  0.789445   0.184658   0.025897
  0.640868   0.333621   0.025511
  0.697852   0.284326   0.017822
  0.644543   0.336295   0.019162
  0.708155   0.280422   0.011423
  0.524751   0.468444   0.006805
  0.603286   0.391825   0.004890
  0.517518   0.476421   0.006061
  0.553780   0.435562   0.010658
  0.622174   0.359337   0.018489
  0.479315   0.503729   0.016956
  0.564270   0.427596   0.008134
  0.601060   0.392418   0.006522
  0.582106   0.409470   0.008424
  0.671812   0.311010   0.017178
  0.645015   0.332924   0.022061
  0.557826   0.429176   0.012998
  0.580853   0.405508   0.013640
  0.750507   0.225757   0.023736
  0.397367   0.565845   0.036788
  0.665431   0.300108   0.034460
  0.457761   0.514849   0.027390
  0.565401   0.419377   0.015222
  0.633811   0.345093   0.021096
  0.658136   0.307053   0.034811
  0.668967   0.316433   0.014600
  0.596166   0.388011   0.015824
  0.665082   0.302829   0.032089
  0.757812   0.225441   0.016747
  0.618690   0.370535   0.010775
  0.524452   0.462076   0.013473
  0.596187   0.371167   0.032647
  0.542042   0.424051   0.033907
  0.701341   0.283929   0.014730
  0.632239   0.355106   0.012655
  0.655244   0.325940   0.018816
  0.766381   0.218961   0.014658
  0.715975   0.260962   0.023063
  0.567743   0.361645   0.070611
  0.370409   0.615314   0.014277
  0.528793   0.464711   0.006497
  0.477091   0.510088   0.012821
  0.488993   0.462713   0.048294
  0.515856   0.453887   0.030257
  0.587788   0.397457   0.014755
  0.562636   0.399858   0.037506
  0.487913   0.401945   0.110142
  0.491600   0.429241   0.079159
  0.515064   0.443504   0.041433
  0.494301   0.469257   0.036442
  0.541232   0.402589   0.056180
  0.583076   0.365704   0.051219
  0.539453   0.428629   0.031918
  0.527861   0.445013   0.027126
  0.525462   0.417735   0.056803
  0.625052   0.314181   0.060767
  0.788379   0.150184   0.061437
  0.728433   0.169685   0.101882
  0.801919   0.155407   0.042675
  0.757073   0.141053   0.101874
  0.824041   0.129211   0.046748
  0.762158   0.197464   0.040378
  0.525220   0.372046   0.102734
  0.488516   0.486634   0.024850
  0.498069   0.430659   0.071272
  0.585817   0.336814   0.077369
  0.538628   0.403209   0.058162
  0.517822   0.348437   0.133741
  0.624201   0.330900   0.044899
  0.459566   0.423569   0.116865
  0.660115   0.203011   0.136874
  0.698803   0.191361   0.109836
  0.645327   0.293040   0.061632
  0.641094   0.218583   0.140323
  0.503528   0.430929   0.065542
  0.441405   0.474703   0.083892
  0.264228   0.659692   0.076079
  0.421993   0.527386   0.050621
  0.382549   0.576440   0.041011
  0.494776   0.444237   0.060987
  0.389704   0.530454   0.079842
  0.549095   0.385800   0.065105
  0.489027   0.422547   0.088426
  0.543391   0.394473   0.062136
  0.556697   0.393338   0.049966
  0.459764   0.478831   0.061405
  0.462329   0.501100   0.036571
  0.440389   0.524650   0.034961
  0.362347   0.573724   0.063929
  0.372839   0.598894   0.028267
  0.454089   0.534474   0.011437
  0.446099   0.538683   0.015218
  0.404168   0.538170   0.057662
  0.418042   0.533873   0.048085
  0.506436   0.479708   0.013856
  0.609746   0.375711   0.014543
  0.609909   0.345949   0.044142
  0.493876   0.459417   0.046707
  0.444314   0.536027   0.019658
  0.473743   0.506683   0.019574
  0.510886   0.436470   0.052644
  0.485337   0.419751   0.094913
  0.484906   0.480578   0.034516
  0.484817   0.490235   0.024947
  0.503654   0.461046   0.035300
  0.597002   0.327459   0.075539
  0.641384   0.308043   0.050573
  0.589761   0.382195   0.028045
  0.614829   0.337968   0.047202
  0.716012   0.205303   0.078685
  0.759159   0.201063   0.039778
  0.684902   0.258937   0.056161
  0.621935   0.233938   0.144127
  0.724586   0.204112   0.071301
  0.724339   0.204278   0.071383
  0.729337   0.166496   0.104167
  0.755524   0.174189   0.070288
  0.829503   0.145505   0.024992
  0.742053   0.220398   0.037549
  0.620200   0.320835   0.058964
  0.732499   0.237118   0.030384
  0.620048   0.340134   0.039818
  0.756326   0.200479   0.043195
  0.665175   0.317086   0.017739
  0.762974   0.206044   0.030982
  0.675401   0.225659   0.098940
  0.774545   0.195179   0.030275
  0.591906   0.315608   0.092486
  0.763376   0.179488   0.057137
  0.622721   0.337133   0.040146
  0.689189   0.267187   0.043625
  0.678028   0.252161   0.069811
  0.663792   0.233587   0.102621
  0.656192   0.190195   0.153613
  0.641710   0.246458   0.111832
  0.743477   0.210069   0.046453
  0.759324   0.194815   0.045861
  0.763390   0.132516   0.104094
  0.829457   0.084816   0.085727
  0.756514   0.185877   0.057608
  0.811593   0.165579   0.022828
  0.763120   0.213382   0.023499
  0.675330   0.285759   0.038911
  0.851713   0.097547   0.050740
  0.708110   0.199015   0.092874
  0.850998   0.127271   0.021731
  0.805172   0.177209   0.017619
  0.782775   0.195624   0.021600
  0.812326   0.160033   0.027641
  0.824784   0.128128   0.047088
  0.813315   0.114573   0.072112
  0.835846   0.117061   0.047093
  0.780944   0.186561   0.032495
  0.828900   0.150147   0.020953
  0.774749   0.200163   0.025088
  0.643324   0.315530   0.041146
  0.770501   0.190086   0.039413
  0.730084   0.234266   0.035650
  0.736193   0.237251   0.026556
  0.736642   0.224661   0.038697
  0.759254   0.192472   0.048274
  0.691968   0.257514   0.050518
  0.832620   0.142795   0.024584
  0.719399   0.258351   0.022250
  0.787999   0.193251   0.018751
  0.833779   0.131772   0.034449
  0.753436   0.157984   0.088580
  0.903037   0.055797   0.041167
  0.847148   0.087611   0.065241
  0.861538   0.085066   0.053397
  0.890137   0.089399   0.020464
  0.887390   0.104860   0.007750
  0.881116   0.114889   0.003995
  0.924833   0.072723   0.002445
  0.860041   0.133339   0.006621
  0.897410   0.072855   0.029735
  0.924505   0.057347   0.018148
  0.869282   0.124150   0.006568
  0.963750   0.034794   0.001456
  0.874350   0.124690   0.000960
  0.961003   0.038745   0.000252
  0.889458   0.110373   0.000169
  0.943143   0.056773   0.000083
  0.945231   0.054714   0.000055
  0.917036   0.082919   0.000045
  0.924496   0.075457   0.000047
  0.931190   0.068746   0.000064
  0.946196   0.053700   0.000104
  0.932248   0.067560   0.000193
  0.941027   0.058503   0.000470
  0.952677   0.045827   0.001496
  0.933199   0.059620   0.007180
  0.954347   0.035966   0.009687
  0.944894   0.051867   0.003239
  0.944664   0.054400   0.000936
  0.956065   0.043351   0.000584
  0.921002   0.078429   0.000569
  0.973084   0.026598   0.000318
  0.917523   0.082013   0.000465
  0.977168   0.022424   0.000408
  0.964240   0.034570   0.001190
  0.934555   0.061042   0.004403
  0.973514   0.020878   0.005608
  0.917599   0.060623   0.021778
  0.965055   0.025160   0.009785
  0.942960   0.048543   0.008496
  0.944344   0.052077   0.003579
  0.959706   0.039230   0.001064
  0.950789   0.048826   0.000384
  0.973509   0.026371   0.000120
  0.904802   0.095115   0.000083
  0.975443   0.024528   0.000029
  0.951350   0.048630   0.000019
  0.931558   0.068426   0.000016
  0.971755   0.028228   0.000018
  0.951874   0.048103   0.000022
  0.898873   0.101103   0.000024
  0.947546   0.052434   0.000020
  0.947647   0.052334   0.000019
  0.867319   0.132664   0.000016
  0.942033   0.057949   0.000018
  0.917239   0.082739   0.000022
  0.879427   0.120538   0.000035
  0.916676   0.083271   0.000054
  0.848757   0.151175   0.000068
  0.834514   0.165408   0.000078
  0.913113   0.086805   0.000082
  0.826014   0.173905   0.000081
  0.935748   0.064183   0.000069
  0.950695   0.049246   0.000059
  0.828145   0.171795   0.000060
  0.914475   0.085471   0.000054
  0.964306   0.035651   0.000043
  0.918425   0.081534   0.000041
  0.938001   0.061963   0.000036
  0.968476   0.031486   0.000038
  0.929020   0.070925   0.000055
  0.914255   0.085680   0.000065
  0.941819   0.058124   0.000056
  0.929828   0.070106   0.000066
  0.916103   0.083790   0.000106
  0.962023   0.037820   0.000157
  0.906811   0.092835   0.000354
  0.928028   0.071362   0.000610
  0.924610   0.073412   0.001978
  0.939729   0.053832   0.006439
  0.939095   0.043668   0.017237
  0.949918   0.038667   0.011414
  0.924332   0.061788   0.013880
  0.925762   0.061412   0.012826
  0.930810   0.059377   0.009813
  0.916613   0.073268   0.010119
  0.950429   0.041698   0.007873
  0.909183   0.076405   0.014413
  0.965393   0.028640   0.005967
  0.921489   0.068567   0.009945
  0.917295   0.066496   0.016208
  0.929664   0.050306   0.020031
  0.934370   0.052337   0.013293
  0.947209   0.045471   0.007319
  0.944255   0.051724   0.004021
  0.966291   0.032100   0.001609
  0.944307   0.054457   0.001236
  0.974946   0.024411   0.000643
  0.956504   0.043046   0.000450
  0.961616   0.038135   0.000249
  0.974209   0.025627   0.000163
  0.963957   0.035884   0.000159
  0.980012   0.019894   0.000095
  0.972374   0.027563   0.000063
  0.976204   0.023753   0.000043
  0.970886   0.029085   0.000029
  0.971965   0.028007   0.000028
  0.979213   0.020747   0.000040
  0.979022   0.020900   0.000078
  0.977718   0.022153   0.000129
  0.976616   0.023197   0.000186
  0.965829   0.033715   0.000457
  0.940005   0.059003   0.000991
  0.965451   0.033032   0.001518
  0.915523   0.077998   0.006479
  0.924807   0.044533   0.030660
  0.947091   0.029541   0.023368
  0.901670   0.082383   0.015946
  0.934612   0.054999   0.010389
  0.873720   0.106909   0.019371
  0.877596   0.101110   0.021294
  0.795720   0.176782   0.027498
  0.915397   0.077582   0.007021
  0.723084   0.272687   0.004229
  0.827022   0.171242   0.001737
  0.921372   0.077452   0.001176
  0.857715   0.140832   0.001453
  0.936486   0.062341   0.001174
  0.846644   0.149819   0.003537
  0.822074   0.163549   0.014377
  0.872204   0.067380   0.060415
  0.911022   0.030725   0.058253
  0.904161   0.044519   0.051320
  0.901671   0.064904   0.033425
  0.920154   0.056224   0.023622
  0.912463   0.057770   0.029767
  0.922018   0.041333   0.036648
  0.912384   0.040241   0.047375
  0.949476   0.030794   0.019730
  0.934474   0.052993   0.012533
  0.938644   0.051604   0.009753
  0.936728   0.044453   0.018820
  0.950317   0.020975   0.028708
  0.954349   0.027093   0.018558
  0.966944   0.019967   0.013089
  0.964094   0.020143   0.015764
  0.945760   0.032452   0.021788
  0.961042   0.027505   0.011453
  0.951191   0.039906   0.008904
  0.965119   0.030191   0.004690
  0.936945   0.055589   0.007465
  0.974444   0.020107   0.005449
  0.932746   0.054391   0.012863
  0.958460   0.029872   0.011668
  0.962784   0.024138   0.013078
  0.912692   0.059446   0.027862
  0.977162   0.016662   0.006175
  0.954171   0.038353   0.007476
  0.967496   0.027201   0.005304
  0.982364   0.013533   0.004102
  0.940315   0.044326   0.015359
  0.979214   0.012840   0.007946
  0.984187   0.008781   0.007033
  0.931714   0.036223   0.032063
  0.985863   0.007005   0.007132
  0.992159   0.003840   0.004001
  0.972742   0.014436   0.012822
  0.958754   0.025301   0.015945
  0.974966   0.019675   0.005359
  0.947585   0.047748   0.004667
  0.986288   0.012270   0.001442
  0.978942   0.019059   0.001999
  0.941499   0.050723   0.007778
  0.976058   0.015058   0.008884
  0.939337   0.024795   0.035868
  0.966552   0.014683   0.018765
  0.932559   0.038230   0.029211
  0.930171   0.046986   0.022843
  0.958911   0.030175   0.010915
  0.930843   0.055419   0.013738
  0.957749   0.030924   0.011327
  0.940585   0.043735   0.015680
  0.920269   0.065466   0.014265
  0.947302   0.045534   0.007164
  0.904915   0.087044   0.008041
  0.951204   0.041144   0.007652
  0.882449   0.095319   0.022233
  0.938110   0.041831   0.020060
  0.912138   0.059527   0.028336
  0.930609   0.051442   0.017949
  0.931394   0.056076   0.012530
  0.901011   0.084931   0.014058
  0.916039   0.069522   0.014439
  0.929686   0.055733   0.014581
  0.914591   0.067863   0.017546
  0.920501   0.059664   0.019836
  0.946151   0.033894   0.019956
  0.921331   0.046485   0.032185
  0.927925   0.042299   0.029776
  0.916086   0.055515   0.028399
  0.938403   0.046922   0.014675
  0.937119   0.049378   0.013504
  0.931458   0.054635   0.013907
  0.932364   0.053975   0.013662
  0.927896   0.054162   0.017942
  0.919266   0.053540   0.027194
  0.943275   0.032393   0.024332
  0.961200   0.019685   0.019116
  0.918813   0.050962   0.030225
  0.945011   0.042455   0.012534
  0.930015   0.058419   0.011566
  0.947933   0.036850   0.015217
  0.932871   0.031043   0.036085
  0.951983   0.021325   0.026692
  0.958453   0.020994   0.020553
  0.942742   0.032017   0.025241
  0.957494   0.024088   0.018418
  0.934515   0.038551   0.026934
  0.937628   0.040689   0.021684
  0.936973   0.046740   0.016287
  0.935449   0.050468   0.014083
  0.928964   0.056979   0.014057
  0.937710   0.042499   0.019791
  0.899197   0.047689   0.053115
  0.907551   0.038148   0.054301
  0.892035   0.048510   0.059455
  0.910798   0.052332   0.036870
  0.860927   0.094848   0.044225
  0.843745   0.105478   0.050777
  0.829485   0.113880   0.056635
  0.883352   0.082044   0.034604
  0.823918   0.130870   0.045212
  0.874731   0.080210   0.045059
  0.872209   0.072855   0.054936
  0.854356   0.076438   0.069206
  0.917598   0.042058   0.040344
  0.880846   0.060891   0.058263
  0.873162   0.068523   0.058315
  0.814742   0.117418   0.067840
  0.778093   0.174733   0.047174
  0.856094   0.118933   0.024973
  0.817253   0.154692   0.028054
  0.790139   0.161251   0.048610
  0.782176   0.156750   0.061074
  0.768348   0.171571   0.060081
  0.897546   0.079140   0.023313
  0.750521   0.205502   0.043977
  0.885608   0.077294   0.037098
  0.821259   0.107188   0.071553
  0.905439   0.072984   0.021577
  0.827478   0.159076   0.013445
  0.791695   0.193119   0.015186
  0.789491   0.179262   0.031246
  0.861747   0.108088   0.030166
  0.798202   0.166367   0.035431
  0.832587   0.135758   0.031655
  0.858743   0.100277   0.040980
  0.786514   0.154609   0.058877
  0.828757   0.148635   0.022609
  0.766199   0.205595   0.028206
  0.723405   0.221334   0.055261
  0.741272   0.220902   0.037826
  0.539368   0.427739   0.032892
  0.784229   0.184846   0.030925
  0.708502   0.255274   0.036224
  0.843688   0.130452   0.025861
  0.803998   0.157024   0.038978
  0.842701   0.113618   0.043681
  0.799540   0.150646   0.049813
  0.766238   0.187411   0.046351
  0.796788   0.157599   0.045612
  0.806167   0.141492   0.052341
  0.813966   0.149787   0.036248
  0.761689   0.208596   0.029715
  0.838988   0.137810   0.023201
  0.790580   0.182673   0.026747
  0.833513   0.144415   0.022072
  0.891751   0.087729   0.020519
  0.828658   0.144871   0.026471
  0.835376   0.135967   0.028658
  0.854720   0.119120   0.026160
  0.667401   0.299994   0.032605
  0.636013   0.345558   0.018429
  0.536891   0.423065   0.040044
