  0.433838   0.506893   0.059268
  0.440991   0.516452   0.042557
  0.303085   0.680149   0.016766
  0.467624   0.508963   0.023413
  0.262725   0.698731   0.038544
  0.287633   0.667453   0.044914
  0.311879   0.671890   0.016231
  0.379653   0.610421   0.009926
  0.335097   0.649704   0.015200
  0.262231   0.693948   0.043821
  0.285502   0.647834   0.066664
  0.309336   0.672682   0.017981
  0.453280   0.527875   0.018844
  0.492660   0.472101   0.035239
  0.511797   0.462007   0.026196
  0.334649   0.648436   0.016916
  0.463900   0.521176   0.014924
  0.422519   0.563955   0.013526
  0.524569   0.457900   0.017531
  0.398215   0.580915   0.020870
  0.428481   0.555159   0.016360
  0.490916   0.493861   0.015222
  0.452802   0.532491   0.014707
  0.531045   0.453433   0.015522
  0.463005   0.513249   0.023747
  0.483969   0.488838   0.027194
  0.587617   0.389912   0.022470
  0.557833   0.420563   0.021603
  0.610140   0.371726   0.018134
  0.658901   0.319909   0.021190
  0.564874   0.395808   0.039318
  0.701276   0.257319   0.041405
  0.761142   0.205958   0.032899
  0.690556   0.274245   0.035199
  0.790014   0.181601   0.028385
  0.825570   0.145068   0.029362
  0.752500   0.214302   0.033198
  0.881879   0.100127   0.017994
  0.596013   0.356014   0.047973
  0.680466   0.285805   0.033729
  0.613663   0.366328   0.020009
  0.542526   0.439540   0.017934
  0.601795   0.366156   0.032049
  0.494623   0.462156   0.043221
  0.795900   0.171775   0.032325
  0.755220   0.212699   0.032081
  0.724465   0.235934   0.039602
  0.835163   0.129349   0.035487
  0.776189   0.192027   0.031784
  0.769825   0.204509   0.025666
  0.745189   0.208994   0.045817
  0.675020   0.269298   0.055681
  0.717856   0.217738   0.064405
  0.757837   0.195100   0.047063
  0.686285   0.249434   0.064281
  0.700642   0.236175   0.063183
  0.805066   0.140732   0.054202
  0.855823   0.096719   0.047458
  0.838049   0.093488   0.068463
  0.890326   0.044110   0.065565
  0.842148   0.072099   0.085753
  0.868864   0.087387   0.043749
  0.842230   0.038049   0.119721
  0.893881   0.023588   0.082532
  0.857846   0.058184   0.083970
  0.909988   0.049902   0.040110
  0.791524   0.074720   0.133757
  0.872732   0.051704   0.075564
  0.842238   0.124028   0.033733
  0.843418   0.108418   0.048164
  0.854971   0.070557   0.074473
  0.765305   0.150610   0.084085
  0.825693   0.111484   0.062823
  0.834517   0.107735   0.057748
  0.796937   0.158566   0.044497
  0.753028   0.101485   0.145488
  0.839940   0.112297   0.047762
  0.799147   0.106847   0.094006
  0.869922   0.054921   0.075157
  0.785884   0.130446   0.083670
  0.787403   0.076103   0.136494
  0.800543   0.096371   0.103086
  0.776653   0.144195   0.079152
  0.759658   0.079505   0.160838
  0.810148   0.129185   0.060666
  0.831517   0.111241   0.057241
  0.744497   0.122121   0.133382
  0.807639   0.146636   0.045725
  0.860163   0.105240   0.034597
  0.762598   0.124604   0.112798
  0.751321   0.151150   0.097529
  0.840661   0.106973   0.052366
  0.882727   0.079063   0.038209
  0.823253   0.123751   0.052996
  0.879067   0.079258   0.041674
  0.879302   0.088546   0.032152
  0.893176   0.065301   0.041524
  0.899933   0.061390   0.038677
  0.858181   0.124952   0.016867
  0.938453   0.044865   0.016682
  0.821348   0.083768   0.094885
  0.927097   0.052809   0.020095
  0.868391   0.073213   0.058396
  0.927205   0.027882   0.044912
  0.900517   0.064191   0.035292
  0.870214   0.069187   0.060599
  0.892115   0.048614   0.059271
  0.907692   0.063493   0.028815
  0.916286   0.059230   0.024484
  0.924508   0.042006   0.033487
  0.857790   0.078756   0.063454
  0.911683   0.060337   0.027980
  0.853117   0.117275   0.029608
  0.881073   0.041921   0.077006
  0.907409   0.042881   0.049711
  0.847717   0.105236   0.047047
  0.849096   0.058272   0.092631
  0.729786   0.182714   0.087501
  0.784136   0.122965   0.092900
  0.801113   0.113665   0.085222
  0.816340   0.098162   0.085498
  0.792537   0.107714   0.099749
  0.806648   0.138508   0.054844
  0.787367   0.086126   0.126507
  0.784972   0.088686   0.126341
  0.793706   0.116173   0.090121
  0.833456   0.101113   0.065431
  0.767086   0.170296   0.062619
  0.912122   0.065379   0.022499
  0.832843   0.120903   0.046254
  0.910952   0.043809   0.045239
  0.794825   0.168834   0.036341
  0.837069   0.149777   0.013153
  0.806205   0.158938   0.034857
  0.775743   0.186590   0.037667
  0.913499   0.070457   0.016044
  0.924202   0.041848   0.033949
  0.852579   0.093091   0.054330
  0.899456   0.085460   0.015084
  0.962452   0.027692   0.009856
  0.956923   0.025589   0.017488
  0.900713   0.047174   0.052113
  0.890780   0.066941   0.042280
  0.878664   0.099501   0.021835
  0.824440   0.130742   0.044818
  0.791761   0.152626   0.055613
  0.895709   0.072781   0.031510
  0.842597   0.118719   0.038684
  0.767007   0.172525   0.060469
  0.874139   0.089097   0.036764
  0.832494   0.129165   0.038341
  0.880221   0.081652   0.038127
  0.886920   0.070500   0.042580
  0.885535   0.068111   0.046354
  0.846698   0.094817   0.058485
  0.832388   0.120524   0.047087
  0.913070   0.055961   0.030969
  0.832391   0.096382   0.071228
  0.883055   0.075762   0.041183
  0.835771   0.130294   0.033936
  0.751082   0.156489   0.092430
  0.774161   0.083902   0.141937
  0.847668   0.063288   0.089044
  0.865617   0.090355   0.044028
  0.907407   0.048828   0.043765
  0.845911   0.067481   0.086608
  0.896758   0.067072   0.036169
  0.875998   0.077740   0.046262
  0.902585   0.047346   0.050069
  0.884298   0.058601   0.057100
  0.923633   0.039569   0.036798
  0.830090   0.088637   0.081273
  0.895355   0.079500   0.025145
  0.876748   0.097265   0.025987
  0.878367   0.054777   0.066856
  0.825915   0.127192   0.046892
  0.849306   0.097987   0.052707
  0.849971   0.084998   0.065032
  0.819931   0.141698   0.038372
  0.865976   0.063511   0.070513
  0.855547   0.033285   0.111168
  0.823862   0.097802   0.078336
  0.872931   0.037787   0.089282
  0.860456   0.054278   0.085266
  0.853920   0.094868   0.051213
  0.885860   0.025398   0.088742
  0.933537   0.019421   0.047042
  0.885125   0.096289   0.018586
  0.868038   0.078097   0.053866
  0.880433   0.036311   0.083256
  0.788147   0.162254   0.049600
  0.933861   0.025168   0.040971
  0.807505   0.034371   0.158124
  0.833541   0.100479   0.065981
  0.904774   0.043637   0.051589
  0.892280   0.031574   0.076146
  0.888449   0.074079   0.037472
  0.933296   0.029170   0.037534
  0.934102   0.020279   0.045619
  0.898236   0.058843   0.042922
  0.901052   0.044818   0.054130
  0.934539   0.032373   0.033088
  0.901712   0.062187   0.036101
  0.878367   0.071446   0.050187
  0.891967   0.058867   0.049167
  0.866637   0.091026   0.042337
  0.832890   0.125847   0.041263
  0.819715   0.138221   0.042065
  0.841298   0.124585   0.034117
  0.889474   0.088076   0.022449
  0.912621   0.066807   0.020571
  0.929641   0.045577   0.024783
  0.922539   0.046234   0.031226
  0.923311   0.051781   0.024908
  0.948683   0.031068   0.020249
  0.945747   0.040090   0.014163
  0.906426   0.081046   0.012528
  0.958843   0.032252   0.008905
  0.873240   0.107835   0.018925
  0.947110   0.034694   0.018196
  0.934840   0.049933   0.015227
  0.907205   0.076276   0.016519
  0.939561   0.040994   0.019445
  0.891827   0.093322   0.014850
  0.862943   0.124890   0.012167
  0.943215   0.028054   0.028732
  0.922581   0.042650   0.034770
  0.905865   0.082217   0.011918
  0.922862   0.065634   0.011504
  0.894194   0.066873   0.038933
  0.917157   0.069991   0.012852
  0.908192   0.088320   0.003488
  0.920879   0.077134   0.001987
  0.944575   0.053207   0.002218
  0.910079   0.084432   0.005489
  0.933748   0.038784   0.027468
  0.933783   0.044041   0.022176
  0.920999   0.073458   0.005543
  0.954289   0.040492   0.005219
  0.922633   0.055795   0.021573
  0.918910   0.066648   0.014442
  0.902544   0.093270   0.004186
  0.947529   0.046812   0.005659
  0.922579   0.056754   0.020667
  0.930276   0.055651   0.014073
  0.960214   0.035170   0.004616
  0.904218   0.087534   0.008249
  0.950618   0.029557   0.019825
  0.957464   0.032012   0.010524
  0.915301   0.080355   0.004344
  0.970558   0.026879   0.002563
  0.948498   0.042951   0.008551
  0.938914   0.040672   0.020415
  0.967850   0.025283   0.006868
  0.928296   0.064425   0.007279
  0.964149   0.025519   0.010332
  0.951337   0.025781   0.022882
  0.974704   0.015100   0.010196
  0.937765   0.049086   0.013149
  0.981768   0.012321   0.005911
  0.986361   0.007816   0.005823
  0.930588   0.047213   0.022200
  0.972547   0.022662   0.004790
  0.950779   0.045850   0.003371
  0.975529   0.022191   0.002280
  0.975052   0.020913   0.004035
  0.952300   0.031989   0.015711
  0.966163   0.013490   0.020347
  0.969559   0.013183   0.017258
  0.937982   0.034496   0.027522
  0.961129   0.025694   0.013177
  0.968010   0.023951   0.008039
  0.953083   0.036854   0.010062
  0.971452   0.017524   0.011025
  0.936377   0.026132   0.037492
  0.963833   0.012120   0.024048
  0.965829   0.013242   0.020929
  0.937552   0.026452   0.035996
  0.969908   0.014193   0.015899
  0.950898   0.020666   0.028436
  0.962060   0.013568   0.024372
  0.966058   0.011402   0.022539
  0.948710   0.020070   0.031220
  0.969596   0.017249   0.013154
  0.968053   0.017832   0.014116
  0.948711   0.020958   0.030332
  0.964113   0.019687   0.016200
  0.965108   0.024276   0.010616
  0.964129   0.022279   0.013592
  0.928403   0.019305   0.052291
  0.977513   0.006317   0.016170
  0.952762   0.012136   0.035102
  0.964455   0.012652   0.022893
  0.968540   0.014070   0.017390
  0.954054   0.017172   0.028774
  0.969680   0.009812   0.020508
  0.930670   0.021344   0.047986
  0.976124   0.011482   0.012394
  0.941116   0.036521   0.022363
  0.970837   0.011746   0.017417
  0.952908   0.012935   0.034157
  0.968872   0.010067   0.021061
  0.992751   0.003187   0.004063
  0.993689   0.003453   0.002858
  0.973963   0.014660   0.011377
  0.964500   0.016110   0.019390
  0.987186   0.003226   0.009588
  0.961924   0.002855   0.035221
  0.981591   0.001378   0.017031
  0.994409   0.000583   0.005008
  0.982939   0.001034   0.016027
  0.971933   0.000977   0.027090
  0.991029   0.000603   0.008367
  0.978296   0.001002   0.020702
  0.965920   0.002018   0.032062
  0.987889   0.003419   0.008692
  0.937181   0.036535   0.026284
  0.982391   0.010187   0.007422
  0.987199   0.008744   0.004057
  0.907964   0.069718   0.022318
  0.981437   0.008013   0.010550
  0.961928   0.007942   0.030130
  0.976291   0.007077   0.016632
  0.975229   0.011959   0.012812
  0.920527   0.052677   0.026796
  0.979444   0.013248   0.007308
  0.964284   0.020125   0.015592
  0.956519   0.027047   0.016433
  0.964164   0.031708   0.004128
  0.928000   0.068738   0.003262
  0.947680   0.049475   0.002846
  0.895447   0.091004   0.013549
  0.904113   0.063504   0.032383
  0.913785   0.078706   0.007510
  0.953900   0.043752   0.002348
  0.906714   0.091222   0.002064
  0.955820   0.042784   0.001395
  0.922927   0.074939   0.002134
  0.949356   0.047492   0.003152
  0.938877   0.055916   0.005207
  0.942729   0.053338   0.003933
  0.921486   0.073736   0.004778
  0.915847   0.078359   0.005794
  0.952766   0.042722   0.004512
  0.944867   0.050211   0.004922
  0.952765   0.043875   0.003360
  0.952299   0.043980   0.003721
  0.936587   0.059054   0.004359
  0.950368   0.044442   0.005191
  0.932307   0.058404   0.009290
  0.935623   0.053068   0.011310
  0.919884   0.062167   0.017949
  0.936889   0.047919   0.015192
  0.901131   0.066252   0.032618
  0.920333   0.057601   0.022066
  0.932980   0.049847   0.017172
  0.916330   0.049071   0.034599
  0.941620   0.023372   0.035008
  0.909283   0.040117   0.050599
  0.942544   0.033202   0.024254
  0.919764   0.052338   0.027898
  0.930940   0.039401   0.029660
  0.944387   0.026598   0.029015
  0.903109   0.038547   0.058344
  0.946766   0.021953   0.031282
  0.925802   0.033780   0.040418
  0.933347   0.039566   0.027087
  0.948440   0.035558   0.016002
  0.940426   0.040739   0.018835
  0.946069   0.032297   0.021633
  0.932857   0.024913   0.042229
  0.931967   0.020246   0.047788
  0.937010   0.025120   0.037870
  0.935211   0.037389   0.027400
  0.944378   0.037536   0.018086
  0.938419   0.040651   0.020930
  0.900594   0.048182   0.051224
  0.945168   0.012619   0.042213
  0.961357   0.004393   0.034249
  0.945838   0.003922   0.050240
  0.923461   0.006381   0.070159
  0.950486   0.011067   0.038447
  0.913889   0.038701   0.047410
  0.948208   0.027215   0.024578
  0.923245   0.040980   0.035775
  0.955608   0.023865   0.020528
  0.936365   0.033124   0.030511
  0.938609   0.025884   0.035507
  0.925558   0.020631   0.053810
  0.915818   0.014420   0.069762
  0.967401   0.004155   0.028444
  0.902076   0.005460   0.092464
  0.969183   0.003394   0.027423
  0.923271   0.012973   0.063756
  0.943897   0.020531   0.035572
  0.958517   0.018475   0.023009
  0.913831   0.022357   0.063812
  0.934036   0.009071   0.056893
  0.936315   0.005962   0.057722
  0.899093   0.008414   0.092492
  0.940250   0.010415   0.049334
  0.945832   0.010985   0.043183
  0.957813   0.009843   0.032344
  0.976671   0.008811   0.014518
  0.960442   0.020397   0.019161
  0.967997   0.013980   0.018023
  0.958383   0.007196   0.034420
  0.970721   0.003138   0.026141
  0.971291   0.002465   0.026244
  0.959833   0.004329   0.035838
  0.987538   0.004385   0.008077
  0.980146   0.011966   0.007888
  0.974239   0.017806   0.007955
  0.990610   0.005005   0.004386
  0.989384   0.003641   0.006975
  0.964583   0.006092   0.029325
  0.980638   0.003149   0.016213
  0.986909   0.001895   0.011195
  0.982053   0.002202   0.015746
  0.965538   0.003348   0.031115
  0.972106   0.003291   0.024603
  0.951051   0.005487   0.043462
  0.955071   0.007923   0.037006
  0.968667   0.012952   0.018381
  0.958784   0.026153   0.015063
  0.963435   0.021937   0.014628
  0.950722   0.021611   0.027666
  0.920435   0.016351   0.063214
  0.963870   0.007116   0.029014
  0.958788   0.007659   0.033554
  0.948348   0.017602   0.034050
  0.954126   0.029136   0.016738
  0.975214   0.017066   0.007720
  0.972898   0.015487   0.011615
  0.926797   0.035736   0.037467
  0.969240   0.013991   0.016769
  0.966927   0.015503   0.017569
  0.919945   0.041698   0.038358
  0.976743   0.009805   0.013452
  0.920519   0.022260   0.057221
  0.970031   0.016734   0.013234
  0.955821   0.037004   0.007175
  0.982610   0.012305   0.005085
  0.961691   0.013107   0.025202
  0.980119   0.005311   0.014570
  0.993840   0.002260   0.003900
  0.987093   0.005966   0.006941
  0.952438   0.031654   0.015908
  0.988869   0.007056   0.004075
  0.978507   0.011716   0.009777
  0.956761   0.017600   0.025639
  0.985563   0.003952   0.010485
  0.975249   0.005382   0.019369
  0.963955   0.008844   0.027201
  0.984150   0.005778   0.010073
  0.966033   0.014175   0.019792
  0.969709   0.013328   0.016963
  0.987793   0.005896   0.006311
  0.977043   0.011710   0.011247
  0.967597   0.015377   0.017026
  0.982736   0.006381   0.010883
  0.976771   0.004773   0.018457
  0.963865   0.003560   0.032575
  0.981060   0.001255   0.017685
  0.988984   0.000556   0.010460
  0.985917   0.000438   0.013644
  0.976544   0.000440   0.023017
  0.988595   0.000264   0.011141
  0.987930   0.000222   0.011848
  0.983419   0.000217   0.016364
  0.979859   0.000212   0.019929
  0.989169   0.000123   0.010708
  0.983660   0.000100   0.016240
  0.977898   0.000098   0.022004
  0.978600   0.000141   0.021259
  0.985575   0.000194   0.014231
  0.985728   0.000315   0.013957
  0.974160   0.000809   0.025031
  0.979934   0.001703   0.018364
  0.985390   0.003180   0.011430
  0.986343   0.002506   0.011151
  0.985662   0.001814   0.012524
  0.984360   0.001250   0.014390
  0.991023   0.000406   0.008571
  0.993849   0.000128   0.006023
  0.989506   0.000063   0.010431
  0.982314   0.000049   0.017637
  0.992748   0.000046   0.007206
  0.997384   0.000053   0.002563
  0.998203   0.000066   0.001731
  0.997466   0.000128   0.002405
  0.992031   0.000478   0.007491
  0.983368   0.001549   0.015083
  0.994203   0.001793   0.004005
  0.996711   0.001525   0.001764
  0.997523   0.001306   0.001171
  0.996228   0.002191   0.001581
  0.994530   0.003308   0.002162
  0.995233   0.003117   0.001650
  0.997415   0.001801   0.000785
  0.998930   0.000735   0.000335
  0.999604   0.000263   0.000133
  0.999788   0.000138   0.000074
  0.999871   0.000080   0.000049
  0.999909   0.000050   0.000042
  0.999908   0.000040   0.000052
  0.999919   0.000031   0.000050
  0.999929   0.000026   0.000045
  0.999942   0.000022   0.000036
  0.999958   0.000018   0.000024
  0.999966   0.000017   0.000018
  0.999966   0.000017   0.000017
  0.999965   0.000018   0.000017
  0.999962   0.000020   0.000018
  0.999960   0.000021   0.000019
  0.999954   0.000026   0.000020
  0.999945   0.000033   0.000022
  0.999925   0.000053   0.000022
  0.999882   0.000096   0.000022
  0.999834   0.000147   0.000019
  0.999762   0.000220   0.000018
  0.999762   0.000219   0.000019
  0.999736   0.000239   0.000025
  0.999705   0.000265   0.000029
  0.999718   0.000251   0.000031
  0.999615   0.000350   0.000035
  0.999341   0.000600   0.000058
  0.998867   0.001017   0.000116
  0.998547   0.001219   0.000234
  0.998070   0.001468   0.000462
  0.998076   0.001129   0.000795
  0.997305   0.000772   0.001922
  0.978593   0.000987   0.020419
  0.987367   0.000232   0.012402
  0.998595   0.000044   0.001361
  0.999398   0.000022   0.000580
  0.999251   0.000032   0.000717
  0.998267   0.000086   0.001647
  0.994023   0.000212   0.005765
  0.983567   0.000336   0.016097
  0.987706   0.000306   0.011988
  0.992596   0.000208   0.007196
  0.993435   0.000146   0.006419
  0.988011   0.000124   0.011865
  0.986688   0.000078   0.013234
  0.987327   0.000055   0.012618
  0.987936   0.000040   0.012024
  0.980655   0.000029   0.019316
  0.984068   0.000033   0.015899
  0.986894   0.000037   0.013069
  0.981952   0.000038   0.018011
  0.986582   0.000042   0.013377
  0.986016   0.000078   0.013906
  0.982139   0.000238   0.017622
  0.978212   0.000644   0.021144
  0.981317   0.000835   0.017848
  0.983842   0.000453   0.015705
  0.970289   0.000284   0.029427
  0.973289   0.000157   0.026554
  0.987304   0.000074   0.012622
  0.984588   0.000039   0.015373
  0.973658   0.000027   0.026316
  0.968127   0.000018   0.031855
  0.963548   0.000016   0.036436
  0.983562   0.000017   0.016421
  0.988732   0.000020   0.011249
  0.986716   0.000028   0.013256
  0.984293   0.000043   0.015664
  0.983725   0.000064   0.016211
  0.983356   0.000078   0.016565
  0.967228   0.000085   0.032687
  0.971032   0.000072   0.028896
  0.970007   0.000073   0.029919
  0.987694   0.000052   0.012253
  0.987145   0.000051   0.012804
  0.977542   0.000052   0.022406
  0.984393   0.000052   0.015555
  0.989728   0.000057   0.010214
  0.991798   0.000073   0.008129
  0.988605   0.000111   0.011283
  0.987267   0.000140   0.012593
  0.993171   0.000125   0.006704
  0.991982   0.000163   0.007855
  0.985131   0.000260   0.014610
  0.990387   0.000412   0.009202
  0.993848   0.000538   0.005615
  0.992005   0.000543   0.007452
  0.982135   0.000538   0.017327
  0.987972   0.000349   0.011679
  0.995326   0.000148   0.004527
  0.993071   0.000075   0.006854
  0.986993   0.000054   0.012953
  0.980513   0.000066   0.019421
  0.991919   0.000066   0.008014
  0.995603   0.000075   0.004323
  0.995228   0.000081   0.004691
  0.986889   0.000140   0.012970
  0.986124   0.000205   0.013671
  0.994009   0.000274   0.005717
  0.995011   0.000353   0.004636
  0.994438   0.000407   0.005155
  0.995410   0.000351   0.004239
  0.994833   0.000293   0.004874
  0.993881   0.000279   0.005839
  0.990867   0.000280   0.008853
  0.991576   0.000199   0.008225
  0.989282   0.000163   0.010555
  0.985080   0.000100   0.014820
  0.981371   0.000063   0.018566
  0.978378   0.000038   0.021584
  0.969853   0.000025   0.030123
  0.977523   0.000019   0.022459
  0.985229   0.000017   0.014754
  0.982761   0.000017   0.017222
  0.976934   0.000017   0.023049
  0.984571   0.000017   0.015412
  0.986572   0.000017   0.013411
  0.974349   0.000017   0.025634
  0.965403   0.000016   0.034581
  0.986506   0.000017   0.013478
  0.990029   0.000017   0.009954
  0.977684   0.000018   0.022299
  0.934868   0.000017   0.065115
  0.979583   0.000019   0.020399
  0.986628   0.000020   0.013352
  0.959618   0.000021   0.040361
  0.916704   0.000021   0.083275
  0.962184   0.000026   0.037789
  0.960259   0.000048   0.039693
  0.920810   0.000129   0.079061
  0.952697   0.000229   0.047074
  0.971155   0.000289   0.028556
  0.932833   0.000556   0.066611
  0.966349   0.001430   0.032220
  0.968636   0.004618   0.026746
  0.914367   0.003867   0.081765
  0.963502   0.000898   0.035600
  0.970617   0.000280   0.029102
  0.928402   0.000126   0.071473
  0.973109   0.000063   0.026828
  0.980997   0.000038   0.018965
  0.946850   0.000031   0.053119
  0.944043   0.000026   0.055930
  0.962972   0.000028   0.037000
  0.955919   0.000050   0.044031
  0.944734   0.000115   0.055151
  0.952261   0.000237   0.047501
  0.984853   0.000335   0.014811
  0.988705   0.000325   0.010970
  0.972317   0.000309   0.027374
  0.953096   0.000347   0.046557
  0.981021   0.000466   0.018513
  0.979599   0.000330   0.020071
  0.954512   0.000271   0.045217
  0.960604   0.000212   0.039184
  0.983989   0.000169   0.015842
  0.985371   0.000142   0.014486
  0.970771   0.000128   0.029101
  0.971026   0.000206   0.028768
  0.987914   0.000322   0.011764
  0.991367   0.000392   0.008241
  0.982234   0.000435   0.017331
  0.965914   0.000560   0.033526
  0.993991   0.000356   0.005653
  0.997199   0.000207   0.002594
  0.996369   0.000129   0.003502
  0.989578   0.000100   0.010322
  0.970120   0.000089   0.029791
  0.963136   0.000078   0.036787
  0.964238   0.000057   0.035705
  0.964069   0.000048   0.035883
  0.971513   0.000048   0.028439
  0.977534   0.000040   0.022426
  0.971232   0.000038   0.028730
  0.963983   0.000031   0.035986
  0.972920   0.000023   0.027057
  0.962007   0.000025   0.037968
  0.961226   0.000048   0.038726
  0.968194   0.000220   0.031587
  0.963461   0.001684   0.034854
  0.955069   0.008826   0.036105
  0.974505   0.009112   0.016383
  0.977836   0.003804   0.018360
  0.967517   0.002007   0.030476
  0.968316   0.001859   0.029825
  0.951935   0.003111   0.044954
  0.946161   0.003758   0.050080
  0.955009   0.005240   0.039752
  0.933064   0.006675   0.060261
  0.947182   0.012241   0.040577
  0.962965   0.009198   0.027837
  0.951515   0.005433   0.043052
  0.944244   0.004149   0.051607
  0.966710   0.003517   0.029773
  0.934979   0.011489   0.053532
  0.968303   0.007956   0.023741
  0.966717   0.006000   0.027283
  0.967779   0.004453   0.027768
  0.983205   0.002313   0.014482
  0.969227   0.002043   0.028731
  0.981618   0.000971   0.017410
  0.983802   0.000477   0.015721
  0.962732   0.000526   0.036742
  0.980937   0.000401   0.018662
  0.976810   0.000498   0.022692
  0.952983   0.000700   0.046317
  0.979087   0.000684   0.020229
  0.984316   0.000864   0.014820
  0.977678   0.001141   0.021181
  0.965607   0.001507   0.032886
  0.957661   0.001196   0.041142
  0.947428   0.000969   0.051603
  0.913241   0.000551   0.086208
  0.960934   0.000357   0.038709
  0.941078   0.000184   0.058738
  0.930228   0.000104   0.069668
  0.932573   0.000073   0.067355
  0.931489   0.000065   0.068446
  0.967914   0.000043   0.032043
  0.970822   0.000038   0.029139
  0.934714   0.000045   0.065241
  0.963449   0.000040   0.036511
  0.963144   0.000045   0.036811
  0.929800   0.000067   0.070132
  0.983545   0.000054   0.016401
  0.983880   0.000050   0.016070
  0.946426   0.000062   0.053511
  0.974233   0.000044   0.025723
  0.977928   0.000038   0.022034
  0.955302   0.000048   0.044649
  0.979196   0.000061   0.020743
  0.981082   0.000104   0.018813
  0.959312   0.000259   0.040429
  0.960449   0.000693   0.038858
  0.976818   0.001621   0.021562
  0.979031   0.001929   0.019040
  0.976427   0.001532   0.022041
  0.961263   0.001350   0.037386
  0.971902   0.001171   0.026927
  0.985032   0.001134   0.013834
  0.971057   0.000689   0.028254
  0.934003   0.000415   0.065581
  0.965489   0.000167   0.034343
  0.972079   0.000127   0.027794
  0.963136   0.000149   0.036715
  0.984968   0.000124   0.014909
  0.989518   0.000108   0.010375
  0.972071   0.000120   0.027809
  0.968912   0.000090   0.030998
  0.970273   0.000092   0.029635
  0.930149   0.000126   0.069725
  0.973342   0.000092   0.026566
  0.925561   0.000158   0.074281
  0.944146   0.000201   0.055654
  0.946834   0.000350   0.052816
  0.905762   0.000778   0.093459
  0.914688   0.000922   0.084391
  0.913652   0.001211   0.085137
  0.945810   0.000885   0.053304
  0.931904   0.000475   0.067621
  0.932018   0.000232   0.067750
  0.944473   0.000138   0.055389
  0.914038   0.000149   0.085813
  0.948309   0.000164   0.051528
  0.928499   0.000196   0.071306
  0.928669   0.000213   0.071119
  0.957567   0.000259   0.042174
  0.951826   0.000426   0.047748
  0.914740   0.000894   0.084366
  0.973664   0.000971   0.025365
  0.937746   0.001804   0.060450
  0.936378   0.002043   0.061579
  0.973190   0.001443   0.025368
  0.949180   0.001021   0.049799
  0.959835   0.000571   0.039594
  0.985437   0.000263   0.014299
  0.971376   0.000133   0.028492
  0.886799   0.000069   0.113133
  0.968913   0.000041   0.031046
  0.980614   0.000035   0.019352
  0.921180   0.000036   0.078784
  0.951917   0.000035   0.048048
  0.940237   0.000038   0.059726
  0.928797   0.000044   0.071159
  0.939293   0.000057   0.060650
  0.908570   0.000108   0.091322
  0.909350   0.000289   0.090362
  0.898088   0.001239   0.100673
  0.908123   0.005687   0.086190
  0.932199   0.009604   0.058197
  0.891026   0.003268   0.105705
  0.945482   0.000866   0.053652
  0.951895   0.000515   0.047591
  0.923178   0.000417   0.076405
  0.958412   0.000138   0.041450
  0.921529   0.000070   0.078401
  0.969959   0.000036   0.030004
  0.980500   0.000028   0.019472
  0.972849   0.000036   0.027114
  0.959619   0.000066   0.040315
  0.961173   0.000145   0.038682
  0.965164   0.000324   0.034512
  0.973333   0.000706   0.025961
  0.957128   0.001138   0.041734
  0.949040   0.001316   0.049643
  0.941868   0.000735   0.057397
  0.959376   0.000288   0.040336
  0.973621   0.000127   0.026252
  0.964711   0.000080   0.035209
  0.947896   0.000069   0.052035
  0.943976   0.000074   0.055951
  0.941223   0.000101   0.058676
  0.923600   0.000161   0.076239
  0.974920   0.000199   0.024881
  0.976508   0.000149   0.023343
  0.949013   0.000083   0.050905
  0.971113   0.000055   0.028832
  0.991006   0.000037   0.008958
  0.987770   0.000024   0.012205
  0.945502   0.000021   0.054477
  0.945769   0.000022   0.054209
  0.951981   0.000026   0.047993
  0.894224   0.000039   0.105737
  0.949908   0.000041   0.050051
  0.963675   0.000052   0.036273
  0.942417   0.000089   0.057494
  0.986534   0.000099   0.013368
  0.982262   0.000209   0.017529
  0.915074   0.000951   0.083975
  0.973934   0.001179   0.024887
  0.960449   0.001616   0.037935
  0.952276   0.001343   0.046381
  0.990756   0.000476   0.008768
  0.994673   0.000380   0.004947
  0.985395   0.000603   0.014002
  0.945925   0.000884   0.053191
  0.984910   0.000288   0.014802
  0.974450   0.000182   0.025368
  0.964474   0.000132   0.035395
  0.990564   0.000074   0.009362
  0.986199   0.000081   0.013720
  0.970532   0.000100   0.029368
  0.991738   0.000082   0.008180
  0.990180   0.000157   0.009664
  0.980345   0.000331   0.019324
  0.985256   0.000526   0.014218
  0.991085   0.000675   0.008241
  0.988240   0.000793   0.010967
  0.981468   0.001013   0.017519
  0.981900   0.000779   0.017321
  0.979468   0.000434   0.020098
  0.984785   0.000300   0.014915
  0.988142   0.000147   0.011711
  0.979765   0.000097   0.020138
  0.964182   0.000070   0.035749
  0.964561   0.000057   0.035383
  0.975148   0.000048   0.024804
  0.955250   0.000044   0.044706
  0.953422   0.000038   0.046539
  0.974267   0.000050   0.025684
  0.977536   0.000075   0.022389
  0.959506   0.000183   0.040312
  0.976944   0.000417   0.022639
  0.975571   0.001056   0.023373
  0.961296   0.001526   0.037177
  0.977376   0.000734   0.021890
  0.940407   0.000529   0.059065
  0.936537   0.000248   0.063214
  0.966486   0.000081   0.033434
  0.922448   0.000050   0.077502
  0.973233   0.000030   0.026737
  0.960753   0.000043   0.039204
  0.968723   0.000080   0.031197
  0.986348   0.000164   0.013488
  0.984635   0.000365   0.014999
  0.972018   0.000531   0.027451
  0.973411   0.000622   0.025967
  0.978675   0.000492   0.020833
  0.979983   0.000282   0.019735
  0.976721   0.000192   0.023087
  0.980318   0.000125   0.019557
  0.975324   0.000080   0.024596
  0.970692   0.000053   0.029255
  0.976106   0.000032   0.023861
  0.961605   0.000023   0.038372
  0.962509   0.000019   0.037472
  0.980233   0.000020   0.019747
  0.970571   0.000024   0.029404
  0.976247   0.000027   0.023726
  0.984349   0.000034   0.015618
  0.970965   0.000061   0.028974
  0.982820   0.000071   0.017109
  0.981788   0.000123   0.018089
  0.938433   0.000405   0.061162
  0.985282   0.000560   0.014158
  0.981772   0.002307   0.015921
  0.965399   0.009258   0.025342
  0.993777   0.002580   0.003644
  0.996581   0.001160   0.002258
  0.993332   0.000725   0.005943
  0.965558   0.000967   0.033475
  0.980590   0.001411   0.017999
  0.990629   0.004022   0.005348
  0.976762   0.017052   0.006186
  0.976010   0.007982   0.016008
  0.980254   0.001369   0.018377
  0.993723   0.000232   0.006045
  0.994675   0.000076   0.005249
  0.984063   0.000070   0.015867
  0.965596   0.000098   0.034305
  0.996394   0.000071   0.003536
  0.998833   0.000084   0.001083
  0.999259   0.000212   0.000529
  0.998702   0.000863   0.000434
  0.993836   0.005710   0.000454
  0.971430   0.027749   0.000820
  0.988214   0.009279   0.002508
  0.969235   0.004815   0.025950
  0.968906   0.003659   0.027435
  0.994120   0.002047   0.003833
  0.996571   0.001711   0.001719
  0.994976   0.002636   0.002388
  0.974623   0.014431   0.010946
  0.944671   0.015287   0.040042
  0.977483   0.001403   0.021114
  0.946245   0.000456   0.053300
  0.971247   0.000184   0.028569
  0.977885   0.000111   0.022004
  0.965821   0.000092   0.034087
  0.987484   0.000072   0.012444
  0.985088   0.000099   0.014813
  0.966232   0.000198   0.033570
  0.984292   0.000207   0.015501
  0.960196   0.000647   0.039157
  0.968327   0.001226   0.030447
  0.963369   0.002883   0.033749
  0.937009   0.015604   0.047387
  0.969139   0.018669   0.012193
  0.976297   0.007598   0.016105
  0.950243   0.003914   0.045844
  0.983361   0.002369   0.014270
  0.990559   0.002638   0.006803
  0.977680   0.004026   0.018294
  0.921299   0.007537   0.071165
  0.977833   0.007042   0.015124
  0.984914   0.004447   0.010639
  0.962071   0.003915   0.034014
  0.975609   0.002845   0.021546
  0.987662   0.002430   0.009908
  0.960972   0.002795   0.036233
  0.918823   0.002355   0.078823
  0.976977   0.002897   0.020126
  0.969658   0.004007   0.026334
  0.936383   0.009736   0.053881
  0.971891   0.016167   0.011942
  0.985444   0.009726   0.004830
  0.987366   0.008042   0.004592
  0.980300   0.009861   0.009839
  0.969019   0.011129   0.019852
  0.976010   0.013288   0.010702
  0.977903   0.017878   0.004220
  0.982940   0.014291   0.002769
  0.979432   0.016328   0.004240
  0.962781   0.027276   0.009943
  0.972906   0.015007   0.012086
  0.982786   0.009265   0.007948
  0.978432   0.016643   0.004925
  0.967347   0.029780   0.002874
  0.983338   0.013188   0.003474
  0.977771   0.012272   0.009958
  0.959851   0.024921   0.015228
  0.976140   0.020057   0.003804
  0.981200   0.017358   0.001442
  0.947859   0.051269   0.000872
  0.976090   0.023297   0.000614
  0.993337   0.006092   0.000571
  0.994436   0.004447   0.001118
  0.986851   0.010136   0.003013
  0.933948   0.051469   0.014582
  0.954311   0.010600   0.035089
  0.991870   0.001374   0.006756
  0.995485   0.000404   0.004112
  0.986121   0.000216   0.013663
  0.959296   0.000275   0.040429
  0.991995   0.000415   0.007590
  0.971895   0.003050   0.025056
  0.951705   0.013325   0.034970
  0.970931   0.014406   0.014663
  0.957834   0.018520   0.023646
  0.944418   0.010217   0.045365
  0.934280   0.003053   0.062666
  0.954282   0.000650   0.045069
  0.900767   0.000263   0.098970
  0.935312   0.000079   0.064610
  0.899814   0.000042   0.100144
  0.847472   0.000031   0.152496
  0.875853   0.000040   0.124106
  0.894606   0.000090   0.105305
  0.925133   0.000255   0.074612
  0.880731   0.001379   0.117890
  0.926487   0.005825   0.067687
  0.949484   0.008887   0.041629
  0.922010   0.002486   0.075504
  0.953773   0.000331   0.045896
  0.971712   0.000082   0.028206
  0.951250   0.000040   0.048710
  0.967553   0.000022   0.032424
  0.979598   0.000019   0.020382
  0.978182   0.000020   0.021799
  0.971635   0.000024   0.028342
  0.984053   0.000033   0.015913
  0.987034   0.000058   0.012908
  0.977162   0.000116   0.022722
  0.981192   0.000147   0.018660
  0.991943   0.000138   0.007919
  0.990376   0.000202   0.009422
  0.977417   0.000442   0.022141
  0.984653   0.000749   0.014598
  0.991041   0.000958   0.008001
  0.984742   0.001426   0.013832
  0.979892   0.000625   0.019483
  0.990667   0.000146   0.009187
  0.990067   0.000048   0.009885
  0.979878   0.000034   0.020089
  0.983270   0.000029   0.016701
  0.991284   0.000025   0.008691
  0.991771   0.000020   0.008208
  0.981074   0.000018   0.018907
  0.965152   0.000019   0.034828
  0.986678   0.000025   0.013298
  0.991986   0.000027   0.007986
  0.987882   0.000030   0.012088
  0.974668   0.000027   0.025304
  0.983466   0.000026   0.016508
  0.984442   0.000023   0.015534
  0.980604   0.000021   0.019375
  0.971624   0.000020   0.028356
  0.973067   0.000019   0.026914
  0.966423   0.000018   0.033559
  0.915314   0.000018   0.084668
  0.952965   0.000019   0.047016
  0.969964   0.000020   0.030016
  0.938682   0.000023   0.061296
  0.963698   0.000026   0.036277
  0.975315   0.000027   0.024658
  0.947597   0.000031   0.052372
  0.969257   0.000029   0.030714
  0.982314   0.000024   0.017663
  0.977980   0.000023   0.021997
  0.969036   0.000024   0.030941
  0.981064   0.000022   0.018914
  0.982523   0.000018   0.017459
  0.970038   0.000018   0.029944
  0.987578   0.000019   0.012403
  0.992169   0.000023   0.007808
  0.987906   0.000033   0.012062
  0.969822   0.000047   0.030131
  0.972371   0.000092   0.027536
  0.988877   0.000269   0.010854
  0.983544   0.000769   0.015687
  0.963496   0.001093   0.035411
  0.975020   0.000541   0.024439
  0.982418   0.000179   0.017403
  0.977765   0.000068   0.022167
  0.964353   0.000029   0.035618
  0.968099   0.000018   0.031883
  0.987179   0.000016   0.012804
  0.991446   0.000018   0.008536
  0.983752   0.000021   0.016227
  0.967895   0.000022   0.032083
  0.985942   0.000023   0.014035
  0.989831   0.000022   0.010147
  0.973902   0.000021   0.026077
  0.925631   0.000019   0.074350
  0.985558   0.000020   0.014422
  0.993459   0.000023   0.006518
  0.984232   0.000028   0.015740
  0.920147   0.000037   0.079816
  0.960466   0.000080   0.039453
  0.987089   0.000205   0.012706
  0.973065   0.000515   0.026421
  0.936299   0.000810   0.062891
  0.985891   0.000943   0.013166
  0.992578   0.000423   0.006999
  0.977609   0.000190   0.022202
  0.893093   0.000103   0.106805
  0.979426   0.000058   0.020516
  0.982970   0.000037   0.016993
  0.915361   0.000061   0.084577
  0.984037   0.000051   0.015912
  0.989414   0.000061   0.010525
  0.925914   0.000157   0.073929
  0.952518   0.000169   0.047313
  0.960339   0.000171   0.039490
  0.939446   0.000146   0.060408
  0.980706   0.000084   0.019210
  0.983130   0.000061   0.016809
  0.965975   0.000045   0.033979
  0.967594   0.000043   0.032364
  0.969357   0.000072   0.030571
  0.954728   0.000186   0.045086
  0.972336   0.000337   0.027327
  0.977252   0.000481   0.022267
  0.966026   0.000549   0.033425
  0.983259   0.000353   0.016388
  0.969375   0.000389   0.030236
  0.961842   0.000355   0.037803
  0.980780   0.000294   0.018926
  0.955462   0.000340   0.044198
  0.984941   0.000139   0.014920
  0.982659   0.000086   0.017255
  0.956216   0.000071   0.043713
  0.978397   0.000048   0.021555
  0.978012   0.000036   0.021951
  0.954141   0.000039   0.045820
  0.953933   0.000052   0.046015
  0.954474   0.000078   0.045448
  0.964071   0.000105   0.035823
  0.951686   0.000147   0.048167
  0.970516   0.000181   0.029303
  0.958977   0.000309   0.040714
  0.974015   0.000252   0.025733
  0.986690   0.000149   0.013162
  0.953387   0.000168   0.046444
  0.978551   0.000085   0.021364
  0.990649   0.000049   0.009302
  0.958433   0.000060   0.041507
  0.959654   0.000051   0.040295
  0.981402   0.000043   0.018555
  0.947605   0.000057   0.052338
  0.962208   0.000045   0.037747
  0.979725   0.000033   0.020241
  0.936433   0.000034   0.063533
  0.955095   0.000031   0.044874
  0.966897   0.000025   0.033078
  0.938740   0.000021   0.061239
  0.956877   0.000020   0.043103
  0.975073   0.000020   0.024907
  0.942975   0.000026   0.056999
  0.915474   0.000031   0.084495
  0.953603   0.000034   0.046364
  0.938448   0.000041   0.061510
  0.932408   0.000086   0.067506
  0.953277   0.000145   0.046579
  0.940547   0.000130   0.059324
  0.940908   0.000071   0.059021
  0.929884   0.000037   0.070078
  0.917717   0.000023   0.082260
  0.903442   0.000020   0.096538
  0.935319   0.000021   0.064660
  0.938037   0.000022   0.061942
  0.931734   0.000020   0.068246
  0.966036   0.000018   0.033946
  0.958434   0.000017   0.041550
  0.875904   0.000015   0.124080
  0.935910   0.000017   0.064073
  0.951882   0.000018   0.048101
  0.924535   0.000018   0.075446
  0.913104   0.000018   0.086878
  0.894687   0.000017   0.105296
  0.863267   0.000018   0.136715
  0.807004   0.000022   0.192974
  0.801887   0.000032   0.198081
  0.896025   0.000038   0.103937
  0.670070   0.000048   0.329882
  0.774693   0.000036   0.225270
  0.920208   0.000023   0.079769
  0.909032   0.000018   0.090950
  0.858463   0.000015   0.141521
  0.896109   0.000015   0.103876
  0.904009   0.000018   0.095973
  0.941321   0.000029   0.058651
  0.956014   0.000051   0.043936
  0.938093   0.000103   0.061804
  0.920253   0.000226   0.079521
  0.948156   0.000245   0.051598
  0.935955   0.000223   0.063822
  0.914693   0.000198   0.085109
  0.933813   0.000144   0.066043
  0.912894   0.000132   0.086975
  0.934579   0.000087   0.065335
  0.962644   0.000061   0.037295
  0.924559   0.000051   0.075390
  0.926006   0.000047   0.073946
  0.977953   0.000045   0.022002
  0.942432   0.000068   0.057501
  0.966663   0.000074   0.033263
  0.974968   0.000100   0.024932
  0.925185   0.000251   0.074565
  0.964399   0.000444   0.035157
  0.960720   0.000663   0.038618
  0.931356   0.000360   0.068284
  0.959159   0.000127   0.040714
  0.949205   0.000053   0.050742
  0.937096   0.000032   0.062873
  0.956394   0.000027   0.043579
  0.961714   0.000038   0.038249
  0.961237   0.000071   0.038692
  0.946697   0.000159   0.053144
  0.951921   0.000364   0.047715
  0.898678   0.000905   0.100416
  0.958261   0.000898   0.040841
  0.947201   0.000632   0.052167
  0.895066   0.000361   0.104573
  0.927068   0.000186   0.072747
  0.900643   0.000130   0.099228
  0.923608   0.000133   0.076259
  0.946537   0.000139   0.053323
  0.902107   0.000154   0.097739
  0.880685   0.000135   0.119180
  0.932669   0.000165   0.067165
  0.922544   0.000196   0.077260
  0.921424   0.000182   0.078394
  0.922112   0.000115   0.077773
  0.958645   0.000086   0.041269
  0.945807   0.000082   0.054111
  0.930778   0.000094   0.069128
  0.933314   0.000095   0.066591
  0.918150   0.000081   0.081769
  0.944282   0.000091   0.055627
  0.971940   0.000126   0.027934
  0.978881   0.000120   0.020999
  0.956244   0.000103   0.043653
  0.943535   0.000082   0.056383
  0.981681   0.000064   0.018256
  0.977502   0.000069   0.022429
  0.939920   0.000117   0.059962
  0.980126   0.000117   0.019756
  0.949424   0.000194   0.050382
  0.972809   0.000159   0.027033
  0.969175   0.000179   0.030646
  0.937908   0.000264   0.061829
  0.965931   0.000300   0.033769
  0.954021   0.000641   0.045338
  0.959433   0.001166   0.039401
  0.966871   0.001340   0.031788
  0.921058   0.001044   0.077898
  0.972093   0.000263   0.027644
  0.965415   0.000142   0.034442
  0.942658   0.000098   0.057244
  0.970200   0.000067   0.029734
  0.959398   0.000075   0.040527
  0.950090   0.000176   0.049734
  0.962523   0.000538   0.036939
  0.983391   0.001184   0.015425
  0.974655   0.001649   0.023697
  0.935550   0.002253   0.062197
  0.967862   0.001610   0.030528
  0.959347   0.000687   0.039966
  0.937999   0.000409   0.061592
  0.970527   0.000257   0.029216
  0.956440   0.000175   0.043385
  0.946504   0.000145   0.053351
  0.967504   0.000139   0.032358
  0.964772   0.000179   0.035048
  0.947760   0.000282   0.051958
  0.947120   0.000395   0.052486
  0.955213   0.000294   0.044493
  0.965290   0.000254   0.034456
  0.949439   0.000209   0.050351
  0.933849   0.000186   0.065965
  0.952655   0.000304   0.047041
  0.956162   0.000503   0.043335
  0.968618   0.001406   0.029976
  0.965973   0.003712   0.030315
  0.961541   0.002703   0.035756
  0.941422   0.000592   0.057986
  0.919341   0.000146   0.080513
  0.961469   0.000044   0.038487
  0.968048   0.000029   0.031923
  0.952316   0.000041   0.047643
  0.963277   0.000054   0.036669
  0.943252   0.000082   0.056666
  0.964557   0.000097   0.035346
  0.967116   0.000107   0.032777
  0.922063   0.000166   0.077771
  0.961662   0.000147   0.038191
  0.927175   0.000127   0.072698
  0.939378   0.000098   0.060524
  0.918255   0.000091   0.081654
  0.947360   0.000070   0.052571
  0.916165   0.000066   0.083769
  0.946367   0.000046   0.053587
  0.960424   0.000039   0.039538
  0.921911   0.000045   0.078044
  0.940178   0.000061   0.059761
  0.944858   0.000099   0.055042
  0.909091   0.000177   0.090732
  0.939895   0.000195   0.059910
  0.931988   0.000196   0.067816
  0.906090   0.000161   0.093749
  0.952064   0.000133   0.047803
  0.948588   0.000102   0.051310
  0.936134   0.000076   0.063790
  0.958171   0.000044   0.041785
  0.955658   0.000027   0.044316
  0.932537   0.000019   0.067445
  0.969324   0.000017   0.030659
  0.985117   0.000018   0.014865
  0.955741   0.000027   0.044233
  0.920630   0.000046   0.079324
  0.972679   0.000069   0.027252
  0.944963   0.000119   0.054918
  0.909825   0.000240   0.089935
  0.975569   0.000405   0.024026
  0.934541   0.001285   0.064174
  0.955082   0.003201   0.041718
  0.964373   0.008414   0.027213
  0.920897   0.018094   0.061009
  0.973042   0.005758   0.021200
  0.972231   0.004665   0.023104
  0.924405   0.008425   0.067170
  0.946588   0.010948   0.042464
  0.932606   0.010648   0.056746
  0.890012   0.006084   0.103904
  0.903392   0.003821   0.092787
  0.898537   0.002207   0.099256
  0.862923   0.002099   0.134978
  0.925659   0.003748   0.070593
  0.956799   0.014175   0.029026
  0.952383   0.014391   0.033225
  0.910288   0.005431   0.084282
  0.917578   0.007461   0.074961
  0.910741   0.013222   0.076038
  0.921384   0.018509   0.060107
  0.902202   0.012183   0.085615
  0.909713   0.005911   0.084376
  0.894703   0.007641   0.097656
  0.905194   0.028457   0.066349
  0.919647   0.017744   0.062609
  0.907482   0.004706   0.087812
  0.942814   0.003081   0.054105
  0.915642   0.005283   0.079075
  0.943602   0.013276   0.043122
  0.942879   0.017830   0.039290
  0.960358   0.009499   0.030143
  0.925589   0.015736   0.058675
  0.960133   0.017192   0.022675
  0.953042   0.011438   0.035520
  0.895362   0.008510   0.096128
  0.980370   0.004128   0.015503
  0.950355   0.010196   0.039449
  0.930852   0.014506   0.054642
  0.964999   0.006842   0.028159
  0.893801   0.008584   0.097615
  0.955780   0.017308   0.026912
  0.939800   0.031980   0.028220
  0.899535   0.014761   0.085704
  0.926947   0.008245   0.064808
  0.935772   0.027651   0.036577
  0.935405   0.019320   0.045275
  0.836714   0.005960   0.157326
  0.952975   0.002315   0.044710
  0.842790   0.008466   0.148745
  0.926607   0.017054   0.056340
  0.878077   0.044493   0.077430
  0.933502   0.028956   0.037542
  0.869748   0.063678   0.066574
  0.960908   0.018781   0.020311
  0.968326   0.012239   0.019435
  0.852268   0.024241   0.123491
  0.982035   0.003353   0.014612
  0.934406   0.006347   0.059247
  0.947571   0.011597   0.040832
  0.917297   0.054612   0.028091
  0.971948   0.016397   0.011655
  0.911000   0.037180   0.051820
  0.965475   0.013834   0.020691
  0.980360   0.008821   0.010819
  0.888065   0.052516   0.059419
  0.968884   0.014884   0.016233
  0.962635   0.018812   0.018553
  0.926463   0.039610   0.033927
  0.977281   0.012863   0.009856
  0.977171   0.013849   0.008980
  0.921733   0.052176   0.026090
  0.982822   0.009852   0.007326
  0.979500   0.010523   0.009978
  0.935959   0.031379   0.032662
  0.969721   0.014862   0.015417
  0.957569   0.021130   0.021301
  0.915632   0.042668   0.041700
  0.980187   0.010465   0.009348
  0.923662   0.041284   0.035054
  0.950816   0.023896   0.025287
  0.987875   0.005361   0.006764
  0.958655   0.018540   0.022805
  0.918906   0.033917   0.047177
  0.966724   0.013988   0.019289
  0.897867   0.040784   0.061349
  0.960849   0.017059   0.022092
  0.959560   0.018554   0.021886
  0.872503   0.059999   0.067499
  0.976253   0.011365   0.012382
  0.951735   0.024052   0.024213
  0.913047   0.037580   0.049373
  0.955075   0.011449   0.033476
  0.896913   0.012957   0.090131
  0.974499   0.005460   0.020041
  0.874089   0.029473   0.096438
  0.945449   0.016895   0.037655
  0.875961   0.022209   0.101830
  0.917252   0.007510   0.075238
  0.880531   0.005446   0.114023
  0.941605   0.004904   0.053491
  0.910277   0.011232   0.078491
  0.945439   0.015565   0.038996
  0.937599   0.024169   0.038232
  0.945535   0.014627   0.039838
  0.947822   0.008117   0.044061
  0.940268   0.006030   0.053702
  0.912840   0.007869   0.079291
  0.924334   0.013222   0.062444
  0.906569   0.025310   0.068122
  0.889617   0.011863   0.098520
  0.906231   0.006877   0.086891
  0.870412   0.008921   0.120667
  0.908968   0.017535   0.073496
  0.911833   0.026514   0.061652
  0.942402   0.012237   0.045361
  0.895099   0.027380   0.077521
  0.942946   0.025826   0.031228
  0.914790   0.023635   0.061575
  0.934737   0.017403   0.047859
  0.900195   0.036123   0.063682
  0.911791   0.027396   0.060813
  0.850104   0.031989   0.117907
  0.872687   0.028976   0.098338
  0.813516   0.052534   0.133950
  0.803545   0.048277   0.148177
  0.905690   0.020619   0.073692
  0.855267   0.040249   0.104484
  0.858116   0.050763   0.091121
  0.804698   0.055823   0.139480
  0.812861   0.035446   0.151693
  0.822861   0.039183   0.137956
  0.801922   0.071883   0.126195
  0.791569   0.042909   0.165521
  0.749488   0.022201   0.228312
  0.780921   0.028060   0.191019
  0.796145   0.060167   0.143688
  0.869185   0.035717   0.095098
  0.833658   0.017744   0.148598
  0.867511   0.013266   0.119223
  0.768748   0.033850   0.197402
  0.784617   0.070478   0.144906
  0.828828   0.070064   0.101107
  0.801359   0.075345   0.123297
  0.665905   0.098153   0.235942
  0.681854   0.065156   0.252989
  0.635284   0.059682   0.305034
  0.628992   0.091255   0.279752
  0.687506   0.059587   0.252906
  0.755719   0.038810   0.205471
  0.668373   0.073302   0.258325
  0.651723   0.054064   0.294213
  0.462117   0.021318   0.516565
  0.544531   0.012288   0.443181
  0.552820   0.018667   0.428513
  0.537380   0.049483   0.413137
  0.578262   0.019028   0.402710
  0.765831   0.006276   0.227893
  0.749367   0.005518   0.245115
  0.751853   0.010139   0.238008
  0.688985   0.039944   0.271072
  0.819861   0.038909   0.141230
  0.653359   0.023539   0.323102
  0.763827   0.011696   0.224477
  0.528034   0.015012   0.456955
  0.705806   0.024115   0.270079
  0.576892   0.044303   0.378805
  0.765483   0.019390   0.215127
  0.699919   0.009203   0.290879
  0.824308   0.004809   0.170883
  0.867325   0.004285   0.128389
  0.845537   0.012681   0.141782
  0.855498   0.050913   0.093590
  0.930891   0.012116   0.056993
  0.934338   0.009061   0.056601
  0.924474   0.035829   0.039697
  0.888659   0.014991   0.096350
  0.917275   0.006218   0.076506
  0.929638   0.009257   0.061105
  0.882440   0.025382   0.092177
  0.892554   0.041530   0.065916
  0.885707   0.018776   0.095517
  0.890593   0.031716   0.077691
  0.913138   0.056754   0.030108
  0.895222   0.037726   0.067052
  0.915920   0.030248   0.053832
  0.902254   0.059088   0.038658
  0.915186   0.011733   0.073082
  0.940312   0.007369   0.052319
  0.851821   0.064526   0.083654
  0.956755   0.016207   0.027039
  0.832939   0.031332   0.135729
  0.911089   0.038473   0.050438
  0.799817   0.113080   0.087103
  0.888146   0.055098   0.056757
  0.817370   0.052736   0.129894
  0.891981   0.027036   0.080983
  0.835409   0.049568   0.115023
  0.845439   0.064429   0.090133
  0.842859   0.058882   0.098259
  0.878805   0.072616   0.048578
  0.890397   0.079195   0.030407
  0.897631   0.042923   0.059446
  0.901245   0.027195   0.071560
  0.907559   0.051494   0.040947
  0.922257   0.050464   0.027279
  0.902136   0.041108   0.056755
  0.869411   0.045867   0.084723
  0.875007   0.052278   0.072715
  0.858197   0.064012   0.077791
  0.860138   0.065821   0.074041
  0.870131   0.066895   0.062974
  0.882097   0.061856   0.056048
  0.869228   0.065499   0.065273
  0.870578   0.064365   0.065057
  0.898396   0.051010   0.050594
  0.855029   0.074149   0.070822
  0.878720   0.062979   0.058301
  0.940432   0.030326   0.029242
  0.856059   0.069555   0.074386
  0.865223   0.058004   0.076773
  0.933173   0.028912   0.037914
  0.795420   0.089432   0.115148
  0.919567   0.040653   0.039780
  0.864701   0.081866   0.053433
  0.907156   0.037939   0.054905
  0.843672   0.029728   0.126600
  0.855843   0.038255   0.105902
  0.863714   0.051678   0.084608
  0.915897   0.033815   0.050288
  0.842608   0.034472   0.122920
  0.892157   0.011372   0.096472
  0.949685   0.007925   0.042390
  0.909293   0.025721   0.064985
  0.940425   0.027540   0.032035
  0.928334   0.035540   0.036126
  0.915851   0.025692   0.058457
  0.951852   0.009363   0.038785
  0.853754   0.025654   0.120593
  0.934651   0.025437   0.039912
  0.907046   0.046797   0.046156
  0.866459   0.067436   0.066105
  0.886590   0.053076   0.060334
  0.872986   0.053579   0.073435
  0.863151   0.064647   0.072202
  0.923589   0.046780   0.029631
  0.863110   0.076188   0.060702
  0.910695   0.022378   0.066927
  0.918880   0.021784   0.059335
  0.849258   0.103779   0.046963
  0.958391   0.022297   0.019313
  0.839552   0.046671   0.113777
  0.961400   0.011829   0.026771
  0.912524   0.016584   0.070893
  0.861017   0.036198   0.102785
  0.887980   0.038325   0.073695
  0.810523   0.047413   0.142064
  0.779370   0.068599   0.152031
  0.830735   0.048525   0.120740
  0.871430   0.046884   0.081687
  0.797479   0.066363   0.136158
  0.656555   0.104472   0.238973
  0.734407   0.091991   0.173602
  0.701249   0.128187   0.170564
  0.716622   0.076724   0.206654
  0.720475   0.105148   0.174376
  0.701040   0.035131   0.263828
  0.497208   0.092409   0.410383
  0.608941   0.060982   0.330076
  0.494994   0.059536   0.445470
  0.529030   0.090620   0.380350
  0.627937   0.098453   0.273610
  0.693891   0.102304   0.203805
  0.719085   0.067704   0.213211
  0.660597   0.082612   0.256791
  0.788297   0.110771   0.100932
  0.609739   0.128994   0.261268
  0.812365   0.072051   0.115585
  0.579333   0.136665   0.284002
  0.820498   0.047529   0.131973
  0.583220   0.103694   0.313086
  0.755629   0.032711   0.211659
  0.704821   0.049978   0.245201
  0.636448   0.077511   0.286040
  0.752541   0.040248   0.207211
  0.732149   0.042102   0.225749
  0.785392   0.071199   0.143409
  0.826562   0.043564   0.129874
  0.873195   0.024853   0.101953
  0.854132   0.037229   0.108639
  0.852292   0.052610   0.095098
  0.876839   0.053428   0.069733
  0.871535   0.047829   0.080635
  0.803626   0.054116   0.142258
  0.882317   0.045948   0.071735
  0.757068   0.111608   0.131324
  0.885307   0.043531   0.071162
  0.821037   0.074293   0.104670
  0.885639   0.047590   0.066772
  0.751423   0.067187   0.181391
  0.898397   0.045651   0.055952
  0.850079   0.086199   0.063721
  0.852889   0.049490   0.097620
  0.861961   0.055045   0.082994
  0.904091   0.035288   0.060621
  0.883208   0.023468   0.093324
  0.891523   0.029622   0.078855
  0.858103   0.048986   0.092910
  0.860234   0.024673   0.115093
  0.860967   0.054754   0.084279
  0.840703   0.059029   0.100268
  0.856121   0.015536   0.128344
  0.795424   0.044253   0.160324
  0.874100   0.037380   0.088520
  0.854734   0.018515   0.126751
  0.801780   0.026644   0.171576
  0.815578   0.075913   0.108509
  0.834296   0.035590   0.130114
  0.835545   0.027606   0.136849
  0.799552   0.080547   0.119901
  0.740243   0.044093   0.215664
  0.793021   0.031931   0.175048
  0.747192   0.045421   0.207387
  0.651244   0.052240   0.296516
  0.633847   0.036331   0.329822
  0.692044   0.029853   0.278103
  0.771533   0.028543   0.199923
  0.733702   0.014515   0.251783
  0.658191   0.013803   0.328006
  0.652810   0.035495   0.311694
  0.594958   0.026273   0.378769
  0.684270   0.009251   0.306479
  0.778143   0.007842   0.214015
  0.783680   0.028811   0.187509
  0.784934   0.053197   0.161869
  0.793586   0.021526   0.184888
  0.764649   0.019997   0.215354
  0.640332   0.054812   0.304857
  0.562770   0.067735   0.369495
  0.823160   0.022075   0.154765
  0.772098   0.038136   0.189766
  0.667207   0.065281   0.267512
  0.653363   0.048033   0.298604
  0.360767   0.058253   0.580980
  0.516500   0.028446   0.455054
  0.492141   0.019247   0.488612
  0.409317   0.024594   0.566089
  0.483119   0.023019   0.493862
  0.487084   0.020493   0.492423
  0.433402   0.038459   0.528139
  0.444615   0.057967   0.497418
  0.499980   0.060037   0.439983
  0.540557   0.044747   0.414696
  0.507465   0.067761   0.424773
  0.461430   0.091975   0.446595
  0.452184   0.081563   0.466253
  0.452262   0.080818   0.466919
  0.446930   0.089969   0.463101
  0.468036   0.074480   0.457485
  0.491681   0.055367   0.452951
  0.503481   0.060055   0.436464
  0.486075   0.099603   0.414322
  0.505119   0.101138   0.393744
  0.498494   0.119767   0.381738
  0.479405   0.085468   0.435127
  0.417104   0.084838   0.498058
  0.386496   0.090082   0.523422
  0.417912   0.067037   0.515051
  0.492958   0.073227   0.433815
  0.497687   0.079621   0.422692
  0.491923   0.032809   0.475268
  0.485740   0.028190   0.486070
  0.551702   0.042198   0.406100
  0.656291   0.031844   0.311865
  0.467834   0.027505   0.504661
  0.372876   0.040015   0.587109
  0.511196   0.061494   0.427310
  0.412980   0.034631   0.552389
  0.593158   0.019866   0.386976
  0.705585   0.027598   0.266817
  0.711901   0.032094   0.256005
  0.715121   0.020754   0.264125
  0.761863   0.015559   0.222578
  0.763314   0.014304   0.222382
  0.700813   0.041830   0.257357
  0.649753   0.069749   0.280498
  0.646529   0.027426   0.326045
  0.615510   0.051595   0.332896
  0.567100   0.067635   0.365265
  0.595437   0.034589   0.369974
  0.431814   0.059853   0.508333
  0.451347   0.065851   0.482802
  0.516680   0.046681   0.436640
  0.531647   0.111746   0.356607
  0.506030   0.045383   0.448587
  0.586157   0.067103   0.346741
  0.658245   0.052661   0.289093
  0.678948   0.025499   0.295554
  0.732345   0.137229   0.130426
  0.825908   0.032127   0.141965
  0.810445   0.080863   0.108692
  0.847570   0.039489   0.112942
  0.895592   0.033260   0.071148
  0.832598   0.104901   0.062502
  0.827962   0.061078   0.110960
  0.838251   0.087849   0.073900
  0.869085   0.055226   0.075689
  0.840445   0.044637   0.114918
  0.774109   0.097228   0.128663
  0.873424   0.038199   0.088377
  0.793901   0.064522   0.141577
  0.754525   0.041938   0.203537
  0.704707   0.029252   0.266041
  0.803040   0.051056   0.145904
  0.761263   0.031127   0.207610
  0.639755   0.042783   0.317462
  0.639760   0.050602   0.309638
  0.539200   0.037004   0.423796
  0.454889   0.051579   0.493532
  0.369699   0.063062   0.567239
  0.423631   0.049244   0.527125
  0.458323   0.046075   0.495602
  0.520360   0.069005   0.410635
  0.394613   0.066020   0.539367
  0.382178   0.062402   0.555420
  0.500124   0.107478   0.392397
  0.617065   0.053155   0.329779
  0.527491   0.070536   0.401973
  0.452508   0.190231   0.357261
  0.501479   0.097343   0.401178
  0.562367   0.144636   0.292997
  0.343946   0.105024   0.551030
  0.320311   0.119044   0.560645
  0.488011   0.084719   0.427271
  0.513177   0.038260   0.448563
  0.398207   0.090253   0.511540
  0.383434   0.065627   0.550939
  0.324277   0.041609   0.634114
  0.432066   0.097885   0.470049
  0.189877   0.090673   0.719450
  0.314281   0.113858   0.571861
  0.498915   0.121272   0.379813
  0.469344   0.168935   0.361721
  0.445878   0.231918   0.322204
  0.367497   0.288785   0.343718
  0.270896   0.304932   0.424172
  0.305737   0.301277   0.392986
  0.495139   0.203731   0.301130
  0.432560   0.154970   0.412470
  0.359548   0.169701   0.470751
  0.483997   0.166528   0.349476
  0.399859   0.169701   0.430439
  0.442907   0.162667   0.394426
  0.425734   0.166239   0.408027
  0.435319   0.158349   0.406332
  0.409078   0.148644   0.442278
  0.334383   0.128804   0.536813
  0.360653   0.131922   0.507425
  0.407303   0.124290   0.468407
  0.374375   0.103889   0.521736
  0.585355   0.110988   0.303658
  0.579716   0.118509   0.301775
  0.559990   0.189664   0.250346
  0.610887   0.197276   0.191838
  0.502253   0.204231   0.293516
  0.337943   0.261403   0.400654
  0.345643   0.241425   0.412933
  0.267894   0.221706   0.510399
  0.257227   0.239982   0.502790
  0.253882   0.219974   0.526144
  0.250277   0.137316   0.612407
  0.251746   0.090579   0.657674
  0.283055   0.156393   0.560552
  0.211615   0.174868   0.613518
  0.209339   0.162150   0.628511
  0.354268   0.169019   0.476712
  0.344791   0.127342   0.527867
  0.594394   0.118024   0.287582
  0.462961   0.138176   0.398863
  0.568172   0.126376   0.305452
  0.584054   0.165904   0.250042
  0.601060   0.172976   0.225964
  0.699918   0.136200   0.163882
  0.571628   0.194931   0.233441
  0.403791   0.287682   0.308527
  0.332850   0.348254   0.318896
  0.378288   0.330147   0.291565
  0.464866   0.277818   0.257315
  0.418394   0.294185   0.287421
  0.376281   0.280252   0.343467
  0.340264   0.233121   0.426615
  0.431781   0.179767   0.388452
  0.420011   0.186913   0.393075
  0.328210   0.320557   0.351233
  0.340216   0.325726   0.334059
  0.373921   0.254822   0.371256
  0.236858   0.370336   0.392806
  0.161230   0.423145   0.415625
  0.166012   0.473311   0.360678
  0.241274   0.423503   0.335222
  0.345864   0.324549   0.329587
  0.227383   0.467754   0.304863
  0.224573   0.363620   0.411807
  0.292971   0.362401   0.344627
  0.233782   0.200740   0.565477
  0.287045   0.312255   0.400700
  0.190425   0.244761   0.564815
  0.547129   0.178038   0.274833
  0.323090   0.163053   0.513857
  0.390659   0.259715   0.349626
  0.299941   0.339750   0.360308
  0.290097   0.183228   0.526675
  0.230858   0.261425   0.507717
  0.202288   0.203239   0.594473
  0.324571   0.291096   0.384332
  0.302893   0.174336   0.522770
  0.342880   0.205590   0.451530
  0.401017   0.268467   0.330516
  0.511711   0.204344   0.283944
  0.567545   0.098492   0.333963
  0.485452   0.223525   0.291023
  0.534502   0.190033   0.275465
  0.512349   0.121687   0.365963
  0.389837   0.253286   0.356877
  0.305570   0.262044   0.432385
  0.436029   0.160811   0.403160
  0.482413   0.218236   0.299351
  0.400677   0.305791   0.293532
  0.347848   0.256090   0.396062
  0.365856   0.183711   0.450433
  0.319315   0.156822   0.523863
  0.261554   0.192078   0.546368
  0.415501   0.098354   0.486145
  0.469818   0.072609   0.457573
  0.379519   0.106952   0.513530
  0.289772   0.105628   0.604600
  0.425156   0.093434   0.481410
  0.484373   0.140155   0.375473
  0.333711   0.104694   0.561595
  0.454491   0.131689   0.413820
  0.501153   0.095210   0.403637
  0.342389   0.074994   0.582617
  0.366109   0.111533   0.522358
  0.529442   0.073905   0.396653
  0.535833   0.114604   0.349563
  0.447330   0.085613   0.467057
  0.485185   0.103284   0.411531
  0.539287   0.120012   0.340701
  0.528539   0.128874   0.342586
  0.466065   0.161137   0.372797
  0.429914   0.118566   0.451520
  0.399684   0.075131   0.525185
  0.382515   0.101976   0.515508
  0.410308   0.144592   0.445099
  0.399744   0.193735   0.406521
  0.371369   0.214758   0.413873
  0.331175   0.201505   0.467321
  0.292266   0.222644   0.485089
  0.320891   0.269901   0.409208
  0.382094   0.250165   0.367741
  0.430326   0.161077   0.408597
  0.445865   0.120513   0.433622
  0.385893   0.236205   0.377902
  0.395652   0.248551   0.355797
  0.562931   0.104757   0.332312
  0.573672   0.092648   0.333680
  0.378329   0.170663   0.451009
  0.445372   0.120224   0.434403
  0.431840   0.140241   0.427919
  0.355067   0.283406   0.361527
  0.440947   0.260897   0.298156
  0.416285   0.320731   0.262983
  0.449608   0.250406   0.299986
  0.599253   0.209035   0.191712
  0.429844   0.407429   0.162726
  0.647062   0.174730   0.178208
  0.508917   0.285350   0.205733
  0.425389   0.320001   0.254610
  0.586576   0.160733   0.252692
  0.379503   0.214189   0.406308
  0.539781   0.104548   0.355671
  0.437772   0.193107   0.369121
  0.473892   0.102213   0.423895
  0.378657   0.246999   0.374344
  0.298518   0.196465   0.505016
  0.336716   0.188924   0.474360
  0.233354   0.363874   0.402771
  0.187391   0.266987   0.545622
  0.301282   0.313142   0.385576
  0.325312   0.202708   0.471980
  0.278708   0.303257   0.418035
  0.356036   0.152962   0.491003
  0.363223   0.208418   0.428360
  0.302105   0.341513   0.356382
  0.377995   0.195029   0.426976
  0.267578   0.293128   0.439295
  0.396510   0.232288   0.371202
  0.225394   0.193916   0.580690
  0.292131   0.237634   0.470235
  0.181683   0.169250   0.649067
  0.356465   0.170442   0.473093
  0.340609   0.259079   0.400312
  0.402347   0.174895   0.422758
  0.408957   0.222172   0.368870
  0.470143   0.173629   0.356228
  0.365175   0.322183   0.312642
  0.290678   0.174341   0.534981
  0.300363   0.455620   0.244017
  0.129461   0.342452   0.528087
  0.236935   0.399557   0.363508
  0.115037   0.440872   0.444091
  0.138957   0.202035   0.659008
  0.103397   0.433965   0.462638
  0.174180   0.116173   0.709647
  0.144047   0.206129   0.649824
  0.200786   0.111871   0.687343
  0.385227   0.300997   0.313776
  0.144607   0.341706   0.513686
  0.282522   0.306340   0.411138
  0.134254   0.414925   0.450822
  0.214454   0.396088   0.389458
  0.152571   0.491804   0.355626
  0.094374   0.383055   0.522571
  0.084387   0.420184   0.495429
  0.163627   0.402690   0.433683
  0.160988   0.418072   0.420940
  0.151962   0.421713   0.426326
  0.136956   0.421799   0.441246
  0.186781   0.397105   0.416114
  0.314757   0.340311   0.344932
  0.370273   0.320014   0.309713
  0.354867   0.319163   0.325970
  0.345108   0.327509   0.327383
  0.365834   0.397566   0.236600
  0.316583   0.400961   0.282456
  0.333854   0.236472   0.429674
  0.323875   0.302933   0.373192
  0.228210   0.590871   0.180919
  0.188457   0.631975   0.179568
  0.332263   0.507221   0.160516
  0.364032   0.505403   0.130565
  0.327455   0.491195   0.181350
  0.325300   0.503845   0.170855
  0.369803   0.526660   0.103537
  0.361882   0.472332   0.165787
  0.321702   0.337130   0.341169
  0.325801   0.375341   0.298858
  0.380095   0.393448   0.226457
  0.600965   0.185524   0.213511
  0.462306   0.162527   0.375167
  0.313986   0.420253   0.265761
  0.358257   0.457562   0.184181
  0.404170   0.388886   0.206944
  0.447179   0.273065   0.279756
  0.399803   0.289095   0.311101
  0.364025   0.319621   0.316354
  0.359161   0.331299   0.309540
  0.344935   0.334325   0.320740
  0.354391   0.291434   0.354175
  0.408631   0.168107   0.423263
  0.446246   0.187559   0.366194
  0.493972   0.347097   0.158930
  0.472305   0.326698   0.200997
  0.392635   0.242725   0.364640
  0.361813   0.278510   0.359677
  0.405859   0.385874   0.208267
  0.426825   0.435761   0.137414
  0.399220   0.413254   0.187526
  0.402299   0.398174   0.199527
  0.411216   0.416732   0.172052
  0.402593   0.444353   0.153054
  0.335352   0.457535   0.207113
  0.289099   0.446444   0.264457
  0.370172   0.442245   0.187583
  0.441943   0.457052   0.101005
  0.474699   0.433885   0.091416
  0.410866   0.471141   0.117993
  0.460739   0.336262   0.202999
  0.270364   0.650806   0.078830
  0.210930   0.663015   0.126055
  0.293035   0.609679   0.097286
  0.225452   0.622579   0.151969
  0.552551   0.363151   0.084298
  0.485461   0.458163   0.056376
  0.341582   0.492315   0.166104
  0.513244   0.403820   0.082935
  0.261817   0.486737   0.251446
  0.389128   0.494811   0.116061
  0.383922   0.487124   0.128954
  0.435113   0.388255   0.176632
  0.321206   0.607576   0.071218
  0.267603   0.565011   0.167385
  0.372140   0.531498   0.096362
  0.358559   0.546610   0.094832
  0.312180   0.448989   0.238831
  0.234661   0.580412   0.184927
  0.206370   0.643438   0.150192
  0.244569   0.518305   0.237126
  0.299122   0.443070   0.257809
  0.448204   0.406952   0.144844
  0.390963   0.513798   0.095238
  0.158172   0.614948   0.226881
  0.264262   0.595778   0.139960
  0.387079   0.511725   0.101196
  0.411462   0.470375   0.118163
  0.436221   0.448101   0.115678
  0.454255   0.452443   0.093302
  0.458842   0.433404   0.107754
  0.507769   0.413130   0.079101
  0.524765   0.376121   0.099114
  0.442146   0.471775   0.086079
  0.408771   0.474299   0.116930
  0.291861   0.573533   0.134606
  0.201685   0.719940   0.078374
  0.180195   0.502035   0.317771
  0.420287   0.466115   0.113597
  0.204221   0.703216   0.092563
  0.320477   0.342743   0.336781
  0.150166   0.542546   0.307288
  0.251205   0.531371   0.217424
  0.377226   0.514899   0.107874
  0.179872   0.698354   0.121774
  0.145847   0.670315   0.183838
  0.232357   0.584872   0.182771
  0.164474   0.627462   0.208064
  0.143577   0.674178   0.182245
  0.120829   0.533737   0.345435
  0.126118   0.608937   0.264945
  0.175579   0.404151   0.420270
  0.084475   0.579378   0.336146
  0.247357   0.548008   0.204635
  0.100824   0.519452   0.379723
  0.246654   0.497636   0.255711
  0.127994   0.648150   0.223857
  0.095308   0.722542   0.182150
  0.137457   0.594635   0.267908
  0.103088   0.495045   0.401868
  0.120351   0.655465   0.224184
  0.138291   0.508748   0.352962
  0.149161   0.549278   0.301561
  0.199113   0.552270   0.248617
  0.193778   0.390211   0.416011
  0.153095   0.583930   0.262975
  0.181064   0.583120   0.235817
  0.067394   0.461850   0.470756
  0.083295   0.620823   0.295882
  0.091479   0.548758   0.359763
  0.066157   0.573209   0.360634
  0.100144   0.562111   0.337745
  0.101947   0.586780   0.311274
  0.062892   0.616334   0.320773
  0.081450   0.673248   0.245302
  0.149731   0.666204   0.184066
  0.160690   0.637438   0.201872
  0.144827   0.605235   0.249939
  0.175635   0.628943   0.195422
  0.129879   0.695256   0.174865
  0.060252   0.841371   0.098377
  0.127466   0.761349   0.111185
  0.050956   0.798523   0.150521
  0.144064   0.701173   0.154763
  0.099972   0.791502   0.108526
  0.194003   0.582579   0.223418
  0.167366   0.643125   0.189509
  0.152688   0.542362   0.304950
  0.189366   0.493949   0.316686
  0.283038   0.467812   0.249150
  0.315761   0.473922   0.210317
  0.370472   0.425248   0.204281
  0.200313   0.569885   0.229802
  0.184893   0.520984   0.294123
  0.135314   0.513831   0.350855
  0.138746   0.613776   0.247477
  0.169032   0.528723   0.302245
  0.174227   0.543447   0.282327
  0.200406   0.538324   0.261269
  0.204945   0.517368   0.277687
  0.195978   0.465799   0.338223
  0.226263   0.489244   0.284493
  0.203143   0.449626   0.347231
  0.186376   0.377834   0.435790
  0.260525   0.390756   0.348720
  0.185973   0.498387   0.315640
  0.260428   0.540476   0.199096
  0.272444   0.503328   0.224228
  0.337982   0.474266   0.187752
  0.319210   0.427522   0.253268
  0.199844   0.546077   0.254079
  0.359645   0.522334   0.118021
  0.231299   0.603234   0.165467
  0.282423   0.525402   0.192175
  0.188795   0.490200   0.321004
  0.324280   0.350823   0.324896
  0.386478   0.270482   0.343041
  0.326369   0.382496   0.291134
  0.466027   0.286643   0.247329
  0.326411   0.442379   0.231210
  0.514099   0.287257   0.198644
  0.413965   0.414654   0.171381
  0.345005   0.513325   0.141670
  0.401745   0.419963   0.178293
  0.323845   0.553868   0.122286
  0.332306   0.542122   0.125571
  0.313642   0.585390   0.100968
  0.375422   0.488816   0.135762
  0.300647   0.618149   0.081204
  0.430759   0.468006   0.101235
  0.206005   0.668268   0.125727
  0.220945   0.630459   0.148596
  0.445216   0.428724   0.126060
  0.347091   0.566393   0.086517
  0.275883   0.602525   0.121592
  0.261029   0.558088   0.180883
  0.281886   0.596182   0.121932
  0.394310   0.501837   0.103853
  0.460018   0.451487   0.088495
  0.451421   0.456016   0.092563
  0.329898   0.585677   0.084425
  0.292494   0.630983   0.076523
  0.427834   0.471447   0.100718
  0.540670   0.358248   0.101082
  0.442578   0.379391   0.178031
  0.393986   0.448686   0.157328
  0.631117   0.266576   0.102307
  0.628398   0.236289   0.135313
  0.529537   0.403288   0.067176
  0.471161   0.334007   0.194832
  0.388860   0.514982   0.096158
  0.465542   0.383415   0.151043
  0.418448   0.538222   0.043329
  0.260625   0.637870   0.101505
  0.174340   0.714003   0.111658
  0.374079   0.548068   0.077854
  0.186314   0.613552   0.200134
  0.544100   0.420384   0.035516
  0.463299   0.459991   0.076711
  0.660827   0.147540   0.191633
  0.587232   0.270026   0.142742
  0.588291   0.254995   0.156714
  0.680533   0.162315   0.157152
  0.621299   0.180328   0.198372
  0.655021   0.179209   0.165770
  0.499223   0.316562   0.184215
  0.315959   0.511086   0.172955
  0.250972   0.551133   0.197894
  0.194120   0.545012   0.260867
  0.197682   0.511562   0.290756
  0.312112   0.471891   0.215998
  0.585958   0.294227   0.119815
  0.500556   0.398305   0.101139
  0.560699   0.284383   0.154918
  0.377600   0.476354   0.146046
  0.589504   0.297958   0.112538
  0.304854   0.458056   0.237091
  0.426211   0.349921   0.223868
  0.402423   0.409868   0.187709
  0.247301   0.461583   0.291116
  0.411413   0.278471   0.310116
  0.608379   0.254724   0.136897
  0.484957   0.311442   0.203601
  0.437205   0.302140   0.260655
  0.531932   0.244697   0.223370
  0.591958   0.204104   0.203938
  0.502349   0.248305   0.249346
  0.580537   0.230679   0.188784
  0.607515   0.233420   0.159065
  0.588490   0.234195   0.177315
  0.628204   0.155369   0.216427
  0.618482   0.138339   0.243179
  0.545811   0.200971   0.253218
  0.702933   0.176805   0.120262
  0.707464   0.196963   0.095573
  0.693040   0.199574   0.107386
  0.642757   0.218042   0.139200
  0.730331   0.161865   0.107804
  0.683245   0.218291   0.098464
  0.668575   0.218562   0.112863
  0.665451   0.182088   0.152461
  0.749959   0.093803   0.156238
  0.677998   0.114518   0.207484
  0.660963   0.134978   0.204059
  0.717033   0.125441   0.157526
  0.655756   0.166805   0.177440
  0.648196   0.177296   0.174507
  0.693335   0.163576   0.143089
  0.638429   0.179491   0.182081
  0.660420   0.126535   0.213045
  0.579803   0.097596   0.322601
  0.599083   0.123499   0.277418
  0.570215   0.191145   0.238640
  0.732899   0.103946   0.163156
  0.771809   0.109985   0.118206
  0.693816   0.146577   0.159607
  0.728261   0.118447   0.153292
  0.591375   0.242512   0.166113
  0.659585   0.221002   0.119412
  0.789106   0.148820   0.062074
  0.773817   0.111049   0.115135
  0.736613   0.127768   0.135619
  0.795105   0.113149   0.091746
  0.787338   0.124047   0.088615
  0.817518   0.101325   0.081157
  0.753441   0.116475   0.130084
  0.719290   0.130257   0.150452
  0.703148   0.168502   0.128350
  0.837845   0.090809   0.071346
  0.695433   0.143673   0.160894
  0.790079   0.089858   0.120063
  0.800492   0.083005   0.116503
  0.687205   0.148618   0.164177
  0.731128   0.145613   0.123259
  0.820649   0.091577   0.087774
  0.612303   0.185599   0.202098
  0.855384   0.069677   0.074940
  0.804911   0.102097   0.092993
  0.637390   0.206219   0.156391
  0.884984   0.058715   0.056302
  0.754753   0.122750   0.122496
  0.660312   0.175610   0.164078
  0.809793   0.106685   0.083522
  0.658408   0.242887   0.098705
  0.761870   0.170873   0.067257
  0.636290   0.266080   0.097630
  0.387658   0.451582   0.160760
  0.378816   0.392554   0.228631
  0.349798   0.392493   0.257709
  0.392329   0.376650   0.231021
  0.561909   0.313078   0.125013
  0.581889   0.329878   0.088233
  0.755993   0.161616   0.082392
  0.588797   0.236869   0.174334
  0.776940   0.110581   0.112478
  0.757711   0.162661   0.079628
  0.875114   0.093588   0.031298
  0.730787   0.217296   0.051917
  0.863300   0.073249   0.063451
  0.815539   0.118708   0.065754
  0.801230   0.165761   0.033010
  0.719755   0.201550   0.078695
  0.713470   0.155542   0.130988
  0.608013   0.281596   0.110391
  0.673461   0.209135   0.117404
  0.755594   0.151439   0.092967
  0.643203   0.179270   0.177527
  0.757392   0.145607   0.097001
  0.728095   0.127244   0.144661
  0.790162   0.083970   0.125868
  0.820492   0.115783   0.063726
  0.820233   0.091318   0.088450
  0.806862   0.102244   0.090895
  0.763428   0.151332   0.085240
  0.730424   0.164389   0.105187
  0.789220   0.119262   0.091519
  0.667867   0.092248   0.239885
  0.622512   0.169785   0.207703
  0.707487   0.141069   0.151444
  0.735215   0.148941   0.115844
  0.707629   0.154926   0.137446
  0.663706   0.139294   0.197000
  0.668504   0.171183   0.160314
  0.803246   0.126021   0.070733
  0.845831   0.058049   0.096120
  0.810800   0.077237   0.111963
  0.851720   0.059748   0.088533
  0.898878   0.032266   0.068856
  0.834555   0.065556   0.099890
  0.891828   0.057006   0.051166
  0.789711   0.051210   0.159080
  0.909049   0.030287   0.060664
  0.900779   0.035311   0.063910
  0.816297   0.059150   0.124552
  0.812137   0.026603   0.161260
  0.830521   0.037479   0.132001
  0.842823   0.087489   0.069688
  0.852251   0.037860   0.109888
  0.842772   0.043290   0.113937
  0.855128   0.063603   0.081270
  0.828285   0.063124   0.108591
  0.840124   0.052238   0.107638
  0.872765   0.070384   0.056851
  0.770873   0.089565   0.139562
  0.783841   0.072158   0.144000
  0.809780   0.075978   0.114243
  0.671561   0.069615   0.258824
  0.614609   0.130908   0.254483
  0.704836   0.088842   0.206322
  0.500284   0.153176   0.346540
  0.522840   0.165064   0.312097
  0.567361   0.171353   0.261286
  0.471339   0.263948   0.264713
  0.393003   0.280544   0.326452
  0.343803   0.286945   0.369251
  0.311913   0.336899   0.351188
  0.339002   0.388509   0.272489
  0.387990   0.429964   0.182045
  0.426150   0.421374   0.152475
  0.414343   0.381997   0.203660
  0.459276   0.352378   0.188346
  0.613388   0.268938   0.117674
  0.688412   0.232022   0.079566
  0.621327   0.256384   0.122289
  0.546687   0.233020   0.220293
  0.569614   0.141901   0.288485
  0.595734   0.205751   0.198515
  0.659973   0.158354   0.181673
  0.454379   0.157209   0.388411
  0.459413   0.250138   0.290449
  0.629914   0.181173   0.188913
  0.574772   0.124963   0.300265
  0.463211   0.241306   0.295483
  0.430133   0.305430   0.264437
  0.522982   0.209983   0.267035
  0.586311   0.173586   0.240103
  0.544729   0.225870   0.229401
  0.527457   0.184426   0.288116
  0.608242   0.141398   0.250360
  0.616930   0.209106   0.173964
  0.657945   0.118299   0.223756
  0.423825   0.271957   0.304218
  0.469410   0.289676   0.240914
  0.603687   0.153545   0.242768
  0.662441   0.149193   0.188365
  0.712258   0.182997   0.104745
  0.748455   0.153838   0.097707
  0.791616   0.119476   0.088908
  0.781188   0.142159   0.076653
  0.750357   0.168016   0.081627
  0.547908   0.294081   0.158011
  0.789568   0.127516   0.082916
  0.799858   0.111937   0.088205
  0.702034   0.179170   0.118796
  0.769016   0.148401   0.082583
  0.690439   0.173458   0.136104
  0.750381   0.115956   0.133663
  0.751991   0.112888   0.135121
  0.827321   0.092011   0.080668
  0.730163   0.157896   0.111941
  0.742607   0.151154   0.106239
  0.797015   0.118441   0.084544
  0.727469   0.174795   0.097735
  0.824609   0.116484   0.058907
  0.658251   0.254902   0.086848
  0.697329   0.220290   0.082381
  0.611712   0.268032   0.120256
  0.581292   0.300733   0.117974
  0.628471   0.311973   0.059556
  0.773149   0.161851   0.065000
  0.632718   0.212993   0.154289
  0.673968   0.176319   0.149713
  0.663670   0.232691   0.103639
  0.614797   0.275282   0.109921
  0.623695   0.279567   0.096738
  0.587523   0.315653   0.096824
  0.660706   0.263036   0.076258
  0.677738   0.251004   0.071258
  0.533983   0.379135   0.086882
  0.455450   0.448041   0.096509
  0.426877   0.455725   0.117398
  0.401254   0.454585   0.144161
  0.607488   0.294478   0.098033
  0.479290   0.370397   0.150313
  0.631982   0.229850   0.138169
  0.458703   0.421302   0.119996
  0.701345   0.165935   0.132720
  0.763144   0.095194   0.141662
  0.734031   0.139631   0.126338
  0.791911   0.132242   0.075847
  0.808536   0.114403   0.077061
  0.750768   0.135532   0.113700
  0.818831   0.090994   0.090174
  0.791315   0.100431   0.108254
  0.801117   0.095984   0.102899
  0.724030   0.159211   0.116759
  0.573627   0.310547   0.115826
  0.638594   0.241807   0.119600
  0.575618   0.248921   0.175461
  0.666011   0.219292   0.114697
  0.487999   0.407825   0.104175
  0.557122   0.295828   0.147050
  0.524780   0.235625   0.239595
  0.598593   0.219089   0.182319
  0.434105   0.374490   0.191405
  0.362505   0.440760   0.196735
  0.489504   0.327308   0.183188
  0.593587   0.263825   0.142588
  0.598404   0.275431   0.126165
  0.451620   0.352107   0.196272
  0.672118   0.168171   0.159711
  0.611003   0.218270   0.170727
  0.649290   0.232233   0.118477
  0.755008   0.140863   0.104129
  0.753322   0.121052   0.125626
  0.769289   0.127933   0.102778
  0.777293   0.162925   0.059782
  0.727843   0.203440   0.068717
  0.733308   0.140503   0.126190
  0.802240   0.086608   0.111152
  0.675187   0.183747   0.141066
  0.658555   0.156154   0.185291
  0.628386   0.281928   0.089686
  0.639824   0.214833   0.145342
  0.538370   0.315791   0.145839
  0.500959   0.388998   0.110043
  0.653843   0.228584   0.117573
  0.448215   0.416984   0.134801
  0.609942   0.228458   0.161600
  0.482816   0.318660   0.198524
  0.677505   0.190516   0.131979
  0.712232   0.204437   0.083331
  0.700332   0.241904   0.057764
  0.743822   0.190480   0.065699
  0.727099   0.169971   0.102930
  0.714492   0.157448   0.128061
  0.709189   0.156563   0.134248
  0.683607   0.152696   0.163697
  0.624256   0.157295   0.218449
  0.648252   0.161937   0.189810
  0.577641   0.256665   0.165695
  0.694340   0.196463   0.109197
  0.633574   0.251744   0.114681
  0.688674   0.206320   0.105006
  0.664347   0.211428   0.124225
  0.575680   0.233497   0.190823
  0.662891   0.194850   0.142259
  0.499177   0.374606   0.126216
  0.775157   0.161698   0.063145
  0.626652   0.260738   0.112610
  0.670890   0.187274   0.141836
  0.766582   0.114293   0.119125
  0.798286   0.113446   0.088269
  0.740520   0.178844   0.080635
  0.765327   0.148492   0.086181
  0.804867   0.098540   0.096593
  0.765785   0.113782   0.120433
  0.733417   0.141582   0.125001
  0.762845   0.129284   0.107871
  0.626168   0.192767   0.181065
  0.772109   0.100851   0.127040
  0.745439   0.116540   0.138021
  0.639657   0.181390   0.178953
  0.662778   0.201478   0.135744
  0.708022   0.195625   0.096353
  0.617287   0.277220   0.105493
  0.588598   0.252286   0.159116
  0.490774   0.259992   0.249233
  0.485094   0.274495   0.240410
  0.437549   0.298408   0.264043
  0.423872   0.311041   0.265087
  0.490451   0.252033   0.257516
  0.515457   0.236643   0.247900
  0.504997   0.234687   0.260316
  0.553667   0.222118   0.224215
  0.636486   0.188072   0.175442
  0.610881   0.184225   0.204894
  0.485449   0.157588   0.356963
  0.603893   0.116580   0.279527
  0.546493   0.218157   0.235350
  0.305071   0.447315   0.247614
  0.373708   0.293156   0.333135
  0.218031   0.358928   0.423041
  0.251586   0.358626   0.389789
  0.318031   0.420905   0.261064
  0.437160   0.360524   0.202316
  0.548509   0.280948   0.170543
  0.501624   0.359065   0.139311
  0.689588   0.225549   0.084863
  0.539442   0.355588   0.104969
  0.698557   0.162510   0.138933
  0.619669   0.227460   0.152871
  0.704877   0.164995   0.130128
  0.506624   0.133236   0.360141
  0.676434   0.108220   0.215345
  0.623402   0.193089   0.183509
  0.627008   0.177771   0.195221
  0.596223   0.169597   0.234180
  0.574219   0.158399   0.267383
  0.739262   0.098865   0.161872
  0.704432   0.118856   0.176712
  0.813367   0.091386   0.095246
  0.752979   0.138845   0.108175
  0.759718   0.129506   0.110777
  0.712350   0.139133   0.148517
  0.745846   0.116810   0.137345
  0.761242   0.108285   0.130474
  0.695327   0.144224   0.160449
  0.689722   0.166428   0.143850
  0.690558   0.170694   0.138749
  0.739026   0.161710   0.099265
  0.689480   0.221994   0.088526
  0.811193   0.116859   0.071948
  0.734434   0.154298   0.111268
  0.764623   0.129484   0.105893
  0.802905   0.108008   0.089086
  0.770102   0.119968   0.109930
  0.760429   0.122556   0.117016
  0.805991   0.098819   0.095190
  0.748667   0.125575   0.125758
  0.723438   0.137444   0.139118
  0.653812   0.173847   0.172341
  0.533278   0.239667   0.227055
  0.575645   0.216826   0.207529
  0.575891   0.200491   0.223618
  0.559855   0.182348   0.257796
  0.586531   0.152808   0.260662
  0.553662   0.181909   0.264429
  0.541244   0.210238   0.248519
  0.561990   0.237744   0.200266
  0.677161   0.169221   0.153619
  0.594755   0.193856   0.211389
  0.580902   0.214876   0.204222
  0.554464   0.293665   0.151871
  0.690560   0.203099   0.106341
  0.489702   0.344587   0.165710
  0.808720   0.108473   0.082806
  0.647369   0.177289   0.175342
  0.786042   0.103604   0.110354
  0.757777   0.171737   0.070486
  0.778655   0.138285   0.083060
  0.807735   0.130721   0.061544
  0.703088   0.264754   0.032158
  0.736831   0.147930   0.115238
  0.844902   0.121920   0.033177
  0.836464   0.116423   0.047113
  0.816505   0.119239   0.064256
  0.656729   0.304006   0.039265
  0.611742   0.343777   0.044482
  0.564802   0.387342   0.047856
  0.667840   0.240292   0.091868
  0.576797   0.349604   0.073599
  0.539593   0.398189   0.062219
  0.451719   0.432997   0.115283
  0.633501   0.312686   0.053813
  0.653941   0.279845   0.066214
  0.634319   0.210416   0.155265
  0.633653   0.290035   0.076312
  0.546529   0.361822   0.091649
  0.708614   0.129614   0.161772
  0.680574   0.243041   0.076385
  0.584209   0.350636   0.065155
  0.624961   0.273332   0.101706
  0.484404   0.425475   0.090122
  0.488772   0.451411   0.059817
  0.649660   0.272347   0.077993
  0.688169   0.244615   0.067216
  0.469177   0.486881   0.043942
  0.423968   0.504950   0.071082
  0.495600   0.419322   0.085077
  0.487777   0.429666   0.082556
  0.449791   0.494314   0.055895
  0.575999   0.387620   0.036381
  0.665158   0.276374   0.058469
  0.405532   0.471411   0.123057
  0.507791   0.444596   0.047614
  0.515318   0.460617   0.024066
  0.536247   0.410741   0.053013
  0.581133   0.217129   0.201738
  0.555116   0.339085   0.105799
  0.636578   0.320287   0.043135
  0.747310   0.175204   0.077486
  0.796443   0.065820   0.137737
  0.855886   0.067969   0.076146
  0.722938   0.170483   0.106579
  0.682657   0.129621   0.187722
  0.694550   0.174597   0.130853
  0.646147   0.182714   0.171138
  0.605901   0.271220   0.122878
  0.589914   0.205876   0.204211
  0.591871   0.191210   0.216918
  0.438126   0.382193   0.179681
  0.460212   0.353609   0.186179
  0.427606   0.338266   0.234129
  0.429300   0.359655   0.211044
  0.434709   0.308690   0.256600
  0.453701   0.208267   0.338032
  0.609049   0.112781   0.278170
  0.589374   0.231028   0.179598
  0.417640   0.223044   0.359316
  0.571562   0.124333   0.304106
  0.539438   0.272311   0.188250
  0.646066   0.135829   0.218105
  0.581876   0.080461   0.337663
  0.548477   0.180855   0.270668
  0.557546   0.099622   0.342832
  0.547570   0.084123   0.368308
  0.563429   0.160048   0.276523
  0.563677   0.226528   0.209795
  0.545781   0.140778   0.313441
  0.449873   0.174879   0.375248
  0.411558   0.232337   0.356104
  0.497616   0.232571   0.269814
  0.508050   0.299814   0.192136
  0.314962   0.432005   0.253033
  0.205011   0.400858   0.394131
  0.492154   0.292595   0.215251
  0.444192   0.346328   0.209480
  0.367884   0.349700   0.282417
  0.493616   0.248328   0.258056
  0.490434   0.212248   0.297318
  0.605288   0.182336   0.212376
  0.504619   0.151458   0.343923
  0.450849   0.215899   0.333252
  0.541031   0.112458   0.346511
  0.372492   0.155685   0.471824
  0.432280   0.147783   0.419937
  0.408714   0.149555   0.441731
  0.365868   0.219161   0.414970
  0.506919   0.195391   0.297689
  0.440046   0.188523   0.371431
  0.493370   0.199344   0.307286
  0.303916   0.176775   0.519309
  0.574678   0.133128   0.292194
  0.312610   0.195246   0.492144
  0.555543   0.103931   0.340526
  0.443501   0.152771   0.403728
  0.613666   0.103011   0.283323
  0.387920   0.222774   0.389307
  0.472013   0.175510   0.352478
  0.367947   0.260552   0.371501
  0.432059   0.202153   0.365789
  0.503135   0.231701   0.265164
  0.457253   0.317182   0.225565
  0.410048   0.321814   0.268138
  0.508377   0.196485   0.295138
  0.563595   0.200601   0.235804
  0.361938   0.371643   0.266419
  0.361397   0.380612   0.257991
  0.518759   0.279034   0.202207
  0.494435   0.322583   0.182982
  0.392446   0.293371   0.314183
  0.290333   0.250155   0.459512
  0.271431   0.307979   0.420590
  0.286260   0.350401   0.363339
  0.301408   0.356324   0.342269
  0.310879   0.333333   0.355788
  0.356253   0.237713   0.406033
  0.361771   0.197495   0.440734
  0.310073   0.284522   0.405405
  0.273587   0.358383   0.368029
  0.284030   0.378102   0.337868
  0.295791   0.351513   0.352696
  0.337608   0.280840   0.381552
  0.355517   0.231693   0.412790
  0.377203   0.214545   0.408252
  0.360339   0.327715   0.311946
  0.361063   0.410678   0.228259
  0.402769   0.340392   0.256839
  0.415945   0.268263   0.315793
  0.368696   0.302372   0.328932
  0.423454   0.333976   0.242570
  0.431931   0.318718   0.249351
  0.398134   0.306000   0.295866
  0.274110   0.412901   0.312989
  0.227537   0.533613   0.238849
  0.284267   0.350084   0.365649
  0.258589   0.446411   0.294999
  0.248426   0.524645   0.226929
  0.243485   0.455761   0.300753
  0.182390   0.405384   0.412226
  0.191321   0.416129   0.392550
  0.243839   0.438688   0.317473
  0.149900   0.628943   0.221157
  0.108183   0.751022   0.140795
  0.203199   0.525187   0.271614
  0.185792   0.394692   0.419516
  0.144717   0.445030   0.410254
  0.223053   0.307808   0.469140
  0.172482   0.465097   0.362421
  0.046215   0.499854   0.453930
  0.041710   0.380182   0.578109
  0.109639   0.502279   0.388082
  0.044007   0.423618   0.532375
  0.023213   0.508046   0.468741
  0.066448   0.408029   0.525523
  0.086763   0.290220   0.623017
  0.034509   0.466455   0.499035
  0.069489   0.448467   0.482045
  0.153106   0.245914   0.600981
  0.121063   0.219125   0.659812
  0.108929   0.355486   0.535585
  0.174499   0.427718   0.397783
  0.139639   0.459947   0.400414
  0.083239   0.459286   0.457474
  0.076190   0.465702   0.458108
  0.188671   0.427136   0.384193
  0.242515   0.388546   0.368939
  0.151898   0.403704   0.444398
  0.149102   0.354196   0.496702
  0.231014   0.247090   0.521896
  0.163389   0.319011   0.517600
  0.161140   0.198433   0.640427
  0.207003   0.206806   0.586190
  0.121509   0.193238   0.685253
  0.123206   0.190100   0.686695
  0.104677   0.089644   0.805680
  0.113554   0.180485   0.705961
  0.096208   0.083181   0.820611
  0.052198   0.213149   0.734653
  0.083146   0.148256   0.768598
  0.044511   0.106498   0.848991
  0.070428   0.369931   0.559641
  0.076973   0.156215   0.766812
  0.059352   0.199385   0.741264
  0.082760   0.363029   0.554211
  0.063896   0.372084   0.564020
  0.054993   0.370524   0.574484
  0.125968   0.230150   0.643881
  0.074826   0.365628   0.559546
  0.108908   0.356725   0.534367
  0.056641   0.383921   0.559438
  0.064088   0.456024   0.479888
  0.081417   0.448096   0.470487
  0.023613   0.365271   0.611116
  0.036154   0.536337   0.427509
  0.072140   0.472749   0.455112
  0.044164   0.249945   0.705890
  0.071984   0.324352   0.603664
  0.076625   0.438001   0.485374
  0.027785   0.367926   0.604290
  0.029007   0.500930   0.470063
  0.106241   0.396549   0.497210
  0.044502   0.357983   0.597515
  0.022395   0.406377   0.571228
  0.035556   0.442337   0.522107
  0.111712   0.435655   0.452632
  0.135786   0.549360   0.314854
  0.068910   0.612792   0.318298
  0.057472   0.463278   0.479250
  0.077647   0.620880   0.301473
  0.069414   0.667772   0.262815
  0.034087   0.618064   0.347850
  0.052586   0.605855   0.341559
  0.046042   0.660226   0.293732
  0.047680   0.719296   0.233024
  0.052696   0.554993   0.392311
  0.029412   0.727499   0.243089
  0.021065   0.558012   0.420923
  0.030871   0.533388   0.435741
  0.019202   0.561818   0.418980
  0.006649   0.702926   0.290424
  0.009478   0.470816   0.519706
  0.030442   0.557439   0.412119
  0.022533   0.565875   0.411592
  0.012574   0.596476   0.390950
  0.017330   0.672339   0.310331
  0.026927   0.622299   0.350774
  0.013386   0.793453   0.193162
  0.014465   0.767304   0.218231
  0.031710   0.768179   0.200112
  0.023184   0.669138   0.307678
  0.021918   0.632679   0.345402
  0.035700   0.641556   0.322744
  0.048670   0.599281   0.352049
  0.036527   0.504150   0.459324
  0.036646   0.468653   0.494701
  0.044834   0.418888   0.536277
  0.041484   0.459820   0.498696
  0.037426   0.530790   0.431784
  0.033703   0.600506   0.365791
  0.018931   0.593354   0.387715
  0.013618   0.511018   0.475364
  0.020622   0.468971   0.510407
  0.035183   0.474277   0.490540
  0.051504   0.516636   0.431860
  0.055666   0.546127   0.398207
  0.046248   0.485253   0.468499
  0.053671   0.560934   0.385395
  0.072779   0.512650   0.414571
  0.054153   0.433016   0.512831
  0.033992   0.609200   0.356807
  0.054425   0.536058   0.409517
  0.048009   0.313451   0.638540
  0.027626   0.360428   0.611946
  0.045284   0.433430   0.521286
  0.040816   0.303038   0.656145
  0.037374   0.513659   0.448968
  0.066261   0.583365   0.350374
  0.055974   0.393521   0.550505
  0.029830   0.309298   0.660872
  0.050460   0.402761   0.546779
  0.056705   0.530049   0.413246
  0.062013   0.324305   0.613682
  0.045216   0.570807   0.383976
  0.029193   0.515630   0.455176
  0.053557   0.517168   0.429276
  0.049790   0.592121   0.358089
  0.026801   0.570482   0.402718
  0.042559   0.657289   0.300152
  0.038994   0.504192   0.456814
  0.053985   0.508969   0.437046
  0.044428   0.488304   0.467268
  0.057175   0.400834   0.541991
  0.045811   0.483688   0.470501
  0.052558   0.504610   0.442832
  0.095230   0.397307   0.507463
  0.066440   0.370173   0.563387
  0.085406   0.453892   0.460702
  0.061685   0.403860   0.534455
  0.048086   0.453352   0.498562
  0.067223   0.627661   0.305116
  0.043621   0.592790   0.363589
  0.038150   0.527727   0.434123
  0.056729   0.423994   0.519278
  0.070008   0.364996   0.564996
  0.073609   0.397374   0.529017
  0.059369   0.462591   0.478040
  0.069281   0.468842   0.461877
  0.080167   0.476846   0.442986
  0.069067   0.474405   0.456528
  0.063308   0.458715   0.477977
  0.058776   0.421497   0.519727
  0.055547   0.499309   0.445144
  0.061501   0.567912   0.370587
  0.035032   0.523942   0.441026
  0.029626   0.355098   0.615277
  0.040437   0.347000   0.612563
  0.047013   0.401815   0.551172
  0.015550   0.481537   0.502914
  0.014856   0.488296   0.496848
  0.031956   0.440699   0.527345
  0.041066   0.441968   0.516965
  0.024375   0.491446   0.484179
  0.027923   0.520739   0.451338
  0.042646   0.507467   0.449887
  0.037249   0.474700   0.488051
  0.039945   0.477402   0.482653
  0.053977   0.604634   0.341390
  0.031896   0.637882   0.330221
  0.023354   0.551937   0.424709
  0.042421   0.486634   0.470945
  0.058699   0.445667   0.495634
  0.020781   0.485241   0.493978
  0.016493   0.512014   0.471493
  0.038497   0.680933   0.280570
  0.035193   0.775509   0.189298
  0.017327   0.577641   0.405032
  0.033493   0.528027   0.438481
  0.049108   0.536870   0.414022
  0.042452   0.498132   0.459416
  0.060025   0.558573   0.381402
  0.058790   0.603037   0.338172
  0.030564   0.546443   0.422994
  0.034614   0.484500   0.480887
  0.056823   0.483112   0.460065
  0.036567   0.510122   0.453310
  0.042187   0.509114   0.448698
  0.056491   0.543367   0.400141
  0.032688   0.605431   0.361881
  0.053680   0.464900   0.481420
  0.032597   0.546792   0.420611
  0.029718   0.595360   0.374922
  0.070806   0.552887   0.376308
  0.024417   0.662104   0.313478
  0.033754   0.572038   0.394208
  0.070472   0.620511   0.309017
  0.044230   0.560334   0.395435
  0.025576   0.401065   0.573359
  0.077181   0.539021   0.383798
  0.053847   0.540511   0.405642
  0.011078   0.553063   0.435858
  0.013659   0.710989   0.275352
  0.084589   0.543557   0.371854
  0.044176   0.618510   0.337314
  0.058099   0.577966   0.363935
  0.098266   0.665688   0.236046
  0.051299   0.441305   0.507396
  0.057637   0.756582   0.185781
  0.074931   0.645111   0.279958
  0.032966   0.517443   0.449591
  0.050316   0.566540   0.383144
  0.090433   0.506286   0.403280
  0.070818   0.473897   0.455285
  0.055006   0.466216   0.478779
  0.058983   0.450509   0.490509
  0.093770   0.414222   0.492008
  0.046473   0.441524   0.512003
  0.021816   0.512285   0.465899
  0.028800   0.562868   0.408332
  0.047651   0.428101   0.524248
  0.018452   0.636776   0.344772
  0.024243   0.504217   0.471539
  0.035319   0.365658   0.599023
  0.016422   0.472349   0.511229
  0.012988   0.501919   0.485092
  0.020836   0.466428   0.512736
  0.032353   0.451184   0.516463
  0.034198   0.462010   0.503792
  0.025613   0.445326   0.529061
  0.030582   0.481765   0.487653
  0.032810   0.687317   0.279873
  0.013096   0.818546   0.168358
  0.009376   0.708328   0.282296
  0.016694   0.625253   0.358053
  0.048522   0.668195   0.283282
  0.021062   0.725863   0.253075
  0.014019   0.705863   0.280118
  0.041619   0.647612   0.310769
  0.066691   0.583634   0.349675
  0.018067   0.611876   0.370056
  0.012882   0.613803   0.373314
  0.022255   0.579423   0.398322
  0.038102   0.570770   0.391128
  0.047580   0.584286   0.368135
  0.061071   0.652525   0.286405
  0.058015   0.678739   0.263245
  0.069113   0.642668   0.288219
  0.053255   0.554195   0.392550
  0.084168   0.518330   0.397502
  0.072218   0.551823   0.375959
  0.035538   0.649021   0.315442
  0.046275   0.631483   0.322241
  0.104458   0.577122   0.318421
  0.037466   0.630512   0.332022
  0.058119   0.730004   0.211878
  0.104691   0.471940   0.423369
  0.030215   0.350913   0.618872
  0.056366   0.333381   0.610253
  0.095487   0.461718   0.442795
  0.042880   0.616342   0.340778
  0.051515   0.385184   0.563301
  0.102941   0.497149   0.399910
  0.059128   0.673854   0.267018
  0.133459   0.647330   0.219211
  0.095421   0.738669   0.165910
  0.110811   0.756973   0.132216
  0.091544   0.805283   0.103173
  0.042198   0.751938   0.205864
  0.063766   0.700150   0.236085
  0.049112   0.646418   0.304469
  0.029764   0.793687   0.176549
  0.053071   0.549823   0.397106
  0.037450   0.508734   0.453816
  0.055709   0.588091   0.356200
  0.075878   0.397695   0.526426
  0.116712   0.486991   0.396297
  0.045602   0.526887   0.427511
  0.273585   0.442267   0.284148
  0.110155   0.574057   0.315788
  0.224518   0.600558   0.174925
  0.102567   0.642487   0.254947
  0.166615   0.707270   0.126116
  0.093390   0.705323   0.201288
  0.098747   0.756314   0.144940
  0.104769   0.748033   0.147198
  0.050328   0.828004   0.121668
  0.032897   0.858893   0.108210
  0.092080   0.686054   0.221866
  0.088486   0.707097   0.204417
  0.101424   0.407169   0.491407
  0.073179   0.597806   0.329015
  0.071985   0.700583   0.227432
  0.095169   0.573606   0.331225
  0.102052   0.608722   0.289226
  0.082813   0.451706   0.465481
  0.042219   0.510187   0.447594
  0.041181   0.579065   0.379754
  0.027947   0.594383   0.377671
  0.027751   0.596931   0.375318
  0.042810   0.512306   0.444884
  0.040907   0.459879   0.499214
  0.021898   0.443704   0.534398
  0.013627   0.472336   0.514037
  0.017131   0.485715   0.497154
  0.030336   0.529102   0.440562
  0.030855   0.635521   0.333624
  0.013886   0.676025   0.310089
  0.011715   0.663737   0.324548
  0.032355   0.590571   0.377074
  0.048735   0.437185   0.514080
  0.014164   0.551357   0.434478
  0.015582   0.648044   0.336375
  0.033704   0.553615   0.412681
  0.021694   0.370747   0.607559
  0.008546   0.340102   0.651353
  0.016186   0.443777   0.540037
  0.081908   0.519822   0.398270
  0.025109   0.497447   0.477445
  0.005397   0.441809   0.552794
  0.002774   0.456976   0.540250
  0.002370   0.498565   0.499065
  0.004910   0.512873   0.482217
  0.027043   0.476329   0.496628
  0.053390   0.485987   0.460623
  0.014110   0.482691   0.503199
  0.012995   0.410804   0.576201
  0.040219   0.384498   0.575283
  0.043047   0.429837   0.527116
  0.022132   0.422724   0.555144
  0.059170   0.372339   0.568491
  0.062019   0.325765   0.612216
  0.020170   0.364387   0.615443
  0.025913   0.371225   0.602861
  0.054935   0.379988   0.565078
  0.053098   0.286450   0.660452
  0.030185   0.202704   0.767110
  0.062040   0.211046   0.726914
  0.086185   0.307707   0.606108
