  0.000048   0.999334   0.000618
  0.000068   0.999513   0.000418
  0.000112   0.999566   0.000322
  0.000275   0.999431   0.000295
  0.000785   0.998782   0.000433
  0.001451   0.997790   0.000759
  0.000860   0.998341   0.000799
  0.000296   0.999237   0.000467
  0.000114   0.999686   0.000200
  0.000046   0.999857   0.000098
  0.000029   0.999912   0.000059
  0.000026   0.999929   0.000045
  0.000027   0.999927   0.000046
  0.000036   0.999918   0.000046
  0.000047   0.999902   0.000050
  0.000057   0.999886   0.000057
  0.000069   0.999861   0.000070
  0.000076   0.999839   0.000086
  0.000082   0.999806   0.000111
  0.000088   0.999761   0.000152
  0.000109   0.999647   0.000244
  0.000110   0.999580   0.000310
  0.000090   0.999563   0.000347
  0.000064   0.999602   0.000333
  0.000045   0.999682   0.000273
  0.000032   0.999787   0.000180
  0.000022   0.999864   0.000114
  0.000018   0.999900   0.000082
  0.000017   0.999917   0.000066
  0.000017   0.999914   0.000068
  0.000019   0.999915   0.000066
  0.000023   0.999918   0.000059
  0.000030   0.999901   0.000069
  0.000042   0.999862   0.000096
  0.000059   0.999741   0.000200
  0.000088   0.999511   0.000401
  0.000127   0.998666   0.001207
  0.000174   0.997422   0.002404
  0.000155   0.997700   0.002145
  0.000113   0.998502   0.001385
  0.000079   0.999341   0.000580
  0.000076   0.999593   0.000331
  0.000066   0.999655   0.000279
  0.000125   0.999431   0.000444
  0.000272   0.999158   0.000570
  0.000325   0.999232   0.000444
  0.000252   0.999474   0.000274
  0.000152   0.999700   0.000148
  0.000120   0.999783   0.000097
  0.000147   0.999751   0.000102
  0.000259   0.999597   0.000143
  0.000362   0.999437   0.000201
  0.000374   0.999397   0.000229
  0.000168   0.999637   0.000195
  0.000101   0.999665   0.000234
  0.000075   0.999555   0.000371
  0.000059   0.999318   0.000623
  0.000045   0.998939   0.001016
  0.000039   0.998607   0.001354
  0.000037   0.999106   0.000857
  0.000036   0.999654   0.000309
  0.000035   0.999869   0.000096
  0.000034   0.999929   0.000037
  0.000032   0.999945   0.000023
  0.000027   0.999954   0.000019
  0.000026   0.999955   0.000019
  0.000032   0.999935   0.000033
  0.000045   0.999861   0.000094
  0.000063   0.999618   0.000318
  0.000072   0.999094   0.000834
  0.000064   0.998875   0.001061
  0.000039   0.999398   0.000563
  0.000028   0.999793   0.000179
  0.000024   0.999902   0.000074
  0.000034   0.999925   0.000042
  0.000050   0.999918   0.000032
  0.000065   0.999910   0.000025
  0.000088   0.999890   0.000022
  0.000112   0.999865   0.000023
  0.000125   0.999850   0.000024
  0.000130   0.999843   0.000027
  0.000096   0.999871   0.000033
  0.000067   0.999895   0.000038
  0.000054   0.999910   0.000036
  0.000054   0.999912   0.000034
  0.000060   0.999904   0.000036
  0.000044   0.999914   0.000042
  0.000032   0.999920   0.000048
  0.000029   0.999922   0.000049
  0.000027   0.999914   0.000058
  0.000024   0.999911   0.000064
  0.000021   0.999919   0.000060
  0.000020   0.999923   0.000056
  0.000022   0.999908   0.000070
  0.000024   0.999902   0.000074
  0.000026   0.999912   0.000062
  0.000032   0.999922   0.000046
  0.000048   0.999911   0.000041
  0.000099   0.999861   0.000040
  0.000279   0.999681   0.000040
  0.000585   0.999385   0.000030
  0.000553   0.999425   0.000022
  0.000203   0.999780   0.000018
  0.000062   0.999920   0.000017
  0.000024   0.999953   0.000023
  0.000020   0.999947   0.000033
  0.000034   0.999910   0.000056
  0.000092   0.999809   0.000099
  0.000240   0.999609   0.000152
  0.000356   0.999451   0.000193
  0.000279   0.999584   0.000137
  0.000134   0.999790   0.000076
  0.000073   0.999848   0.000079
  0.000052   0.999845   0.000103
  0.000037   0.999788   0.000175
  0.000023   0.999731   0.000246
  0.000020   0.999709   0.000270
  0.000026   0.999783   0.000191
  0.000050   0.999830   0.000120
  0.000157   0.999745   0.000098
  0.000528   0.999394   0.000079
  0.000782   0.999164   0.000054
  0.000321   0.999642   0.000037
  0.000133   0.999835   0.000032
  0.000058   0.999909   0.000033
  0.000030   0.999938   0.000032
  0.000022   0.999943   0.000035
  0.000019   0.999949   0.000032
  0.000018   0.999958   0.000024
  0.000017   0.999964   0.000019
  0.000018   0.999964   0.000018
  0.000022   0.999961   0.000017
  0.000028   0.999956   0.000017
  0.000030   0.999953   0.000017
  0.000029   0.999952   0.000018
  0.000023   0.999959   0.000019
  0.000018   0.999963   0.000019
  0.000018   0.999963   0.000019
  0.000020   0.999961   0.000019
  0.000025   0.999955   0.000021
  0.000036   0.999940   0.000024
  0.000053   0.999921   0.000027
  0.000080   0.999892   0.000028
  0.000075   0.999899   0.000026
  0.000079   0.999897   0.000025
  0.000073   0.999901   0.000026
  0.000078   0.999892   0.000029
  0.000085   0.999881   0.000035
  0.000091   0.999870   0.000040
  0.000075   0.999883   0.000043
  0.000069   0.999886   0.000044
  0.000086   0.999850   0.000065
  0.000106   0.999805   0.000089
  0.000124   0.999781   0.000095
  0.000101   0.999834   0.000065
  0.000065   0.999894   0.000042
  0.000045   0.999923   0.000033
  0.000028   0.999940   0.000032
  0.000023   0.999934   0.000043
  0.000021   0.999901   0.000078
  0.000026   0.999808   0.000166
  0.000030   0.999754   0.000216
  0.000032   0.999793   0.000175
  0.000028   0.999864   0.000108
  0.000023   0.999902   0.000075
  0.000020   0.999927   0.000053
  0.000018   0.999945   0.000038
  0.000017   0.999951   0.000032
  0.000018   0.999951   0.000030
  0.000030   0.999935   0.000035
  0.000080   0.999868   0.000052
  0.000434   0.999479   0.000087
  0.000810   0.999116   0.000074
  0.000165   0.999799   0.000036
  0.000038   0.999939   0.000023
  0.000023   0.999952   0.000025
  0.000028   0.999936   0.000036
  0.000055   0.999884   0.000062
  0.000077   0.999846   0.000077
  0.000067   0.999866   0.000067
  0.000066   0.999867   0.000068
  0.000070   0.999859   0.000071
  0.000064   0.999870   0.000066
  0.000061   0.999877   0.000062
  0.000041   0.999918   0.000041
  0.000027   0.999946   0.000027
  0.000022   0.999955   0.000023
  0.000020   0.999958   0.000021
  0.000018   0.999963   0.000018
  0.000020   0.999962   0.000018
  0.000036   0.999941   0.000023
  0.000118   0.999843   0.000039
  0.000456   0.999472   0.000071
  0.000611   0.999316   0.000073
  0.000269   0.999680   0.000051
  0.000125   0.999840   0.000035
  0.000044   0.999934   0.000021
  0.000024   0.999959   0.000018
  0.000025   0.999949   0.000026
  0.000048   0.999887   0.000065
  0.000111   0.999742   0.000146
  0.000128   0.999685   0.000187
  0.000076   0.999825   0.000099
  0.000035   0.999925   0.000040
  0.000020   0.999957   0.000023
  0.000018   0.999962   0.000020
  0.000025   0.999946   0.000029
  0.000034   0.999926   0.000040
  0.000057   0.999878   0.000066
  0.000118   0.999745   0.000137
  0.000179   0.999631   0.000190
  0.000164   0.999697   0.000139
  0.000118   0.999808   0.000073
  0.000075   0.999884   0.000042
  0.000046   0.999924   0.000030
  0.000030   0.999943   0.000027
  0.000023   0.999949   0.000028
  0.000023   0.999944   0.000033
  0.000031   0.999925   0.000044
  0.000058   0.999890   0.000052
  0.000120   0.999826   0.000053
  0.000200   0.999752   0.000048
  0.000209   0.999747   0.000043
  0.000182   0.999775   0.000043
  0.000145   0.999817   0.000038
  0.000111   0.999840   0.000049
  0.000101   0.999837   0.000062
  0.000106   0.999823   0.000071
  0.000102   0.999829   0.000069
  0.000118   0.999832   0.000051
  0.000135   0.999824   0.000040
  0.000113   0.999848   0.000038
  0.000071   0.999889   0.000040
  0.000042   0.999904   0.000054
  0.000027   0.999874   0.000100
  0.000021   0.999773   0.000206
  0.000021   0.999615   0.000364
  0.000021   0.999496   0.000483
  0.000019   0.999756   0.000224
  0.000018   0.999897   0.000085
  0.000018   0.999932   0.000050
  0.000021   0.999938   0.000041
  0.000037   0.999898   0.000065
  0.000097   0.999770   0.000133
  0.000278   0.999447   0.000276
  0.000323   0.999411   0.000266
  0.000153   0.999715   0.000131
  0.000066   0.999869   0.000065
  0.000036   0.999915   0.000049
  0.000028   0.999914   0.000058
  0.000027   0.999884   0.000089
  0.000031   0.999842   0.000127
  0.000041   0.999800   0.000159
  0.000041   0.999848   0.000111
  0.000035   0.999896   0.000069
  0.000027   0.999933   0.000040
  0.000028   0.999940   0.000032
  0.000034   0.999940   0.000026
  0.000045   0.999933   0.000022
  0.000072   0.999907   0.000021
  0.000133   0.999841   0.000026
  0.000146   0.999820   0.000034
  0.000135   0.999819   0.000045
  0.000093   0.999848   0.000059
  0.000059   0.999865   0.000076
  0.000045   0.999861   0.000094
  0.000048   0.999830   0.000122
  0.000061   0.999802   0.000137
  0.000092   0.999746   0.000162
  0.000170   0.999619   0.000211
  0.000299   0.999455   0.000247
  0.000187   0.999687   0.000127
  0.000077   0.999875   0.000048
  0.000048   0.999924   0.000027
  0.000036   0.999941   0.000023
  0.000027   0.999949   0.000024
  0.000021   0.999949   0.000030
  0.000019   0.999940   0.000041
  0.000018   0.999936   0.000046
  0.000020   0.999938   0.000042
  0.000022   0.999942   0.000036
  0.000024   0.999945   0.000032
  0.000029   0.999939   0.000032
  0.000035   0.999929   0.000035
  0.000037   0.999925   0.000037
  0.000040   0.999912   0.000049
  0.000045   0.999892   0.000063
  0.000066   0.999827   0.000107
  0.000150   0.999617   0.000233
  0.000352   0.999256   0.000392
  0.000427   0.999207   0.000366
  0.000378   0.999333   0.000290
  0.000286   0.999507   0.000207
  0.000162   0.999726   0.000112
  0.000108   0.999823   0.000069
  0.000085   0.999858   0.000057
  0.000076   0.999847   0.000076
  0.000082   0.999765   0.000152
  0.000093   0.999485   0.000422
  0.000139   0.998940   0.000921
  0.000132   0.999172   0.000696
  0.000090   0.999605   0.000305
  0.000048   0.999839   0.000113
  0.000027   0.999922   0.000052
  0.000019   0.999956   0.000026
  0.000017   0.999965   0.000017
  0.000021   0.999959   0.000020
  0.000028   0.999930   0.000042
  0.000061   0.999804   0.000135
  0.000222   0.999191   0.000587
  0.000528   0.998254   0.001219
  0.000680   0.998471   0.000849
  0.000660   0.998952   0.000388
  0.000680   0.999050   0.000270
  0.000621   0.999132   0.000247
  0.000448   0.999273   0.000279
  0.000343   0.999042   0.000614
  0.000310   0.997832   0.001858
  0.000173   0.998348   0.001480
  0.000091   0.998763   0.001146
  0.000089   0.998817   0.001094
  0.000117   0.998634   0.001248
  0.000222   0.997930   0.001848
  0.000331   0.996210   0.003460
  0.000327   0.994909   0.004764
  0.000217   0.995777   0.004005
  0.000152   0.996991   0.002857
  0.000157   0.996197   0.003646
  0.000212   0.994010   0.005778
  0.000302   0.990021   0.009677
  0.000332   0.989221   0.010448
  0.000386   0.992229   0.007384
  0.000687   0.990854   0.008459
  0.001230   0.989326   0.009444
  0.001588   0.991245   0.007166
  0.001731   0.992574   0.005696
  0.000925   0.996224   0.002852
  0.000643   0.997003   0.002355
  0.000324   0.998442   0.001235
  0.000186   0.998821   0.000993
  0.000136   0.998970   0.000893
  0.000147   0.998930   0.000923
  0.000180   0.998703   0.001118
  0.000266   0.998177   0.001557
  0.000564   0.996271   0.003165
  0.001386   0.989135   0.009479
  0.001028   0.989857   0.009115
  0.000301   0.996983   0.002717
  0.000142   0.997841   0.002018
  0.000096   0.997943   0.001962
  0.000092   0.997554   0.002354
  0.000100   0.996180   0.003720
  0.000109   0.992233   0.007658
  0.000077   0.993486   0.006436
  0.000055   0.995998   0.003947
  0.000040   0.997666   0.002293
  0.000030   0.998317   0.001653
  0.000024   0.998056   0.001920
  0.000021   0.996990   0.002989
  0.000023   0.992259   0.007718
  0.000024   0.982611   0.017365
  0.000023   0.994081   0.005896
  0.000021   0.997960   0.002019
  0.000019   0.998967   0.001014
  0.000019   0.999110   0.000871
  0.000019   0.998863   0.001118
  0.000023   0.998924   0.001053
  0.000035   0.999116   0.000849
  0.000067   0.999207   0.000727
  0.000129   0.999267   0.000604
  0.000250   0.999348   0.000402
  0.000409   0.999309   0.000282
  0.000572   0.999237   0.000191
  0.000604   0.999260   0.000136
  0.000477   0.999447   0.000076
  0.000397   0.999568   0.000035
  0.000368   0.999608   0.000024
  0.000458   0.999523   0.000019
  0.000365   0.999617   0.000018
  0.000338   0.999644   0.000018
  0.000286   0.999697   0.000018
  0.000279   0.999701   0.000020
  0.000268   0.999707   0.000025
  0.000289   0.999680   0.000032
  0.000295   0.999670   0.000036
  0.000227   0.999739   0.000034
  0.000152   0.999819   0.000029
  0.000120   0.999856   0.000024
  0.000118   0.999859   0.000023
  0.000111   0.999861   0.000028
  0.000127   0.999823   0.000050
  0.000209   0.999664   0.000127
  0.000586   0.998872   0.000542
  0.001172   0.996179   0.002650
  0.002206   0.982568   0.015225
  0.000982   0.991917   0.007101
  0.000325   0.998209   0.001466
  0.000157   0.999302   0.000541
  0.000126   0.999560   0.000314
  0.000135   0.999662   0.000202
  0.000198   0.999625   0.000177
  0.000257   0.999571   0.000172
  0.000227   0.999599   0.000174
  0.000285   0.999400   0.000315
  0.000376   0.998594   0.001030
  0.000730   0.995256   0.004015
  0.001917   0.988023   0.010060
  0.003283   0.990758   0.005959
  0.003737   0.994661   0.001602
  0.006018   0.993071   0.000911
  0.005555   0.993843   0.000601
  0.005686   0.993670   0.000643
  0.004599   0.994540   0.000861
  0.002248   0.996730   0.001022
  0.000592   0.998195   0.001212
  0.000217   0.997570   0.002213
  0.000119   0.996609   0.003271
  0.000056   0.998180   0.001764
  0.000040   0.999035   0.000925
  0.000052   0.999124   0.000824
  0.000125   0.998651   0.001223
  0.000351   0.997629   0.002019
  0.001086   0.995889   0.003025
  0.002074   0.995622   0.002304
  0.002412   0.996067   0.001520
  0.001703   0.997545   0.000752
  0.000768   0.998942   0.000290
  0.000252   0.999631   0.000116
  0.000131   0.999778   0.000092
  0.000078   0.999832   0.000090
  0.000071   0.999792   0.000137
  0.000119   0.999351   0.000530
  0.000330   0.995890   0.003780
  0.001262   0.984823   0.013915
  0.001751   0.993729   0.004521
  0.001829   0.997220   0.000951
  0.001499   0.998288   0.000213
  0.001458   0.998476   0.000066
  0.003180   0.996789   0.000031
  0.005322   0.994658   0.000020
  0.004005   0.995978   0.000017
  0.001362   0.998620   0.000019
  0.000615   0.999359   0.000026
  0.000377   0.999575   0.000048
  0.000284   0.999627   0.000089
  0.000201   0.999642   0.000157
  0.000212   0.999545   0.000242
  0.000300   0.999339   0.000361
  0.000527   0.998853   0.000621
  0.001569   0.996866   0.001565
  0.005614   0.990066   0.004319
  0.015280   0.976901   0.007819
  0.006210   0.990664   0.003126
  0.003755   0.994260   0.001986
  0.006717   0.990270   0.003013
  0.012812   0.983254   0.003934
  0.009540   0.987901   0.002559
  0.005468   0.993284   0.001248
  0.005868   0.993321   0.000810
  0.005654   0.993810   0.000536
  0.005921   0.993727   0.000352
  0.002665   0.997092   0.000243
  0.000678   0.999193   0.000129
  0.000300   0.999616   0.000084
  0.000173   0.999759   0.000068
  0.000194   0.999718   0.000088
  0.000271   0.999636   0.000093
  0.000286   0.999646   0.000068
  0.000251   0.999698   0.000051
  0.000207   0.999757   0.000035
  0.000181   0.999788   0.000031
  0.000140   0.999830   0.000030
  0.000100   0.999870   0.000030
  0.000076   0.999896   0.000028
  0.000066   0.999909   0.000024
  0.000120   0.999852   0.000028
  0.000319   0.999633   0.000047
  0.000809   0.999092   0.000100
  0.005213   0.994367   0.000419
  0.039124   0.959098   0.001777
  0.004159   0.994749   0.001092
  0.001856   0.996141   0.002003
  0.002436   0.991130   0.006433
  0.005220   0.981214   0.013566
  0.013253   0.979822   0.006924
  0.015438   0.982157   0.002404
  0.009720   0.989626   0.000654
  0.007199   0.992558   0.000244
  0.015047   0.984780   0.000173
  0.020952   0.978945   0.000103
  0.014293   0.985660   0.000047
  0.017305   0.982669   0.000027
  0.029443   0.970538   0.000020
  0.028103   0.971880   0.000017
  0.012020   0.987963   0.000017
  0.007035   0.992947   0.000018
  0.007858   0.992123   0.000019
  0.016277   0.983700   0.000023
  0.035021   0.964950   0.000029
  0.028408   0.971555   0.000037
  0.018029   0.981915   0.000056
  0.023497   0.976389   0.000113
  0.022578   0.977223   0.000198
  0.013970   0.985767   0.000263
  0.011833   0.987870   0.000297
  0.022477   0.976923   0.000600
  0.011437   0.987826   0.000737
  0.004883   0.994111   0.001006
  0.003606   0.994416   0.001978
  0.010854   0.985398   0.003748
  0.026035   0.971256   0.002709
  0.009568   0.988967   0.001465
  0.009611   0.989244   0.001144
  0.009892   0.988645   0.001463
  0.004655   0.994057   0.001287
  0.002275   0.996550   0.001176
  0.001996   0.995935   0.002068
  0.002754   0.993133   0.004112
  0.006367   0.983483   0.010150
  0.004325   0.989860   0.005814
  0.001450   0.996441   0.002109
  0.000581   0.998390   0.001028
  0.000438   0.998830   0.000732
  0.000453   0.998654   0.000893
  0.000517   0.997840   0.001643
  0.001074   0.993056   0.005871
  0.002059   0.984788   0.013153
  0.001169   0.994148   0.004683
  0.000749   0.997422   0.001829
  0.000753   0.998397   0.000850
  0.000769   0.998616   0.000615
  0.000507   0.998901   0.000592
  0.000282   0.999137   0.000581
  0.000161   0.998887   0.000952
  0.000147   0.995815   0.004038
  0.000119   0.980448   0.019433
  0.000120   0.988681   0.011200
  0.000148   0.998017   0.001836
  0.000197   0.999447   0.000356
  0.000320   0.999511   0.000169
  0.000633   0.999177   0.000190
  0.001553   0.998230   0.000218
  0.002913   0.996841   0.000246
  0.002730   0.996972   0.000298
  0.002172   0.997344   0.000484
  0.001966   0.997131   0.000903
  0.001459   0.997334   0.001207
  0.001285   0.997412   0.001303
  0.000695   0.998669   0.000635
  0.000811   0.998870   0.000319
  0.002209   0.997586   0.000205
  0.002749   0.997170   0.000082
  0.002711   0.997254   0.000035
  0.003194   0.996784   0.000022
  0.002978   0.996997   0.000025
  0.002260   0.997693   0.000047
  0.002072   0.997834   0.000095
  0.001735   0.998086   0.000178
  0.001915   0.997641   0.000444
  0.002742   0.996147   0.001112
  0.002392   0.996233   0.001376
  0.001437   0.997526   0.001037
  0.000788   0.998437   0.000775
  0.000686   0.998586   0.000728
  0.001029   0.998073   0.000897
  0.002020   0.996838   0.001142
  0.004714   0.994189   0.001097
  0.012357   0.986666   0.000977
  0.008554   0.991064   0.000382
  0.002797   0.997055   0.000148
  0.001652   0.998261   0.000087
  0.000936   0.998998   0.000066
  0.000306   0.999636   0.000058
  0.000113   0.999831   0.000056
  0.000058   0.999877   0.000064
  0.000036   0.999905   0.000059
  0.000022   0.999941   0.000037
  0.000017   0.999957   0.000026
  0.000018   0.999960   0.000022
  0.000021   0.999959   0.000019
  0.000023   0.999959   0.000018
  0.000025   0.999957   0.000018
  0.000028   0.999953   0.000019
  0.000029   0.999949   0.000022
  0.000032   0.999935   0.000032
  0.000042   0.999906   0.000051
  0.000080   0.999821   0.000099
  0.000189   0.999556   0.000255
  0.000500   0.998769   0.000731
  0.000711   0.998171   0.001118
  0.000410   0.998960   0.000630
  0.000138   0.999668   0.000193
  0.000045   0.999899   0.000057
  0.000021   0.999956   0.000023
  0.000018   0.999963   0.000018
  0.000020   0.999962   0.000018
  0.000024   0.999956   0.000020
  0.000033   0.999945   0.000022
  0.000054   0.999921   0.000025
  0.000081   0.999892   0.000027
  0.000091   0.999882   0.000026
  0.000087   0.999891   0.000022
  0.000084   0.999896   0.000020
  0.000076   0.999902   0.000022
  0.000058   0.999916   0.000026
  0.000046   0.999920   0.000033
  0.000042   0.999918   0.000040
  0.000050   0.999896   0.000054
  0.000090   0.999810   0.000101
  0.000173   0.999638   0.000189
  0.000370   0.999226   0.000404
  0.000738   0.998514   0.000748
  0.000859   0.998314   0.000827
  0.000365   0.999285   0.000350
  0.000109   0.999776   0.000115
  0.000037   0.999915   0.000048
  0.000020   0.999951   0.000029
  0.000018   0.999959   0.000022
  0.000021   0.999959   0.000020
  0.000024   0.999954   0.000022
  0.000031   0.999942   0.000026
  0.000043   0.999924   0.000033
  0.000058   0.999895   0.000047
  0.000086   0.999823   0.000091
  0.000106   0.999660   0.000234
  0.000143   0.998830   0.001026
  0.000139   0.997126   0.002736
  0.000051   0.999068   0.000882
  0.000026   0.999686   0.000288
  0.000028   0.999862   0.000110
  0.000038   0.999916   0.000046
  0.000066   0.999903   0.000031
  0.000142   0.999817   0.000042
  0.000417   0.999493   0.000089
  0.001918   0.997747   0.000335
  0.003516   0.995522   0.000961
  0.001137   0.997518   0.001345
  0.000112   0.999239   0.000649
  0.000023   0.999547   0.000430
  0.000017   0.999403   0.000580
  0.000031   0.998575   0.001394
  0.000083   0.998235   0.001683
  0.000136   0.998886   0.000978
  0.000141   0.999481   0.000378
  0.000117   0.999738   0.000146
  0.000074   0.999852   0.000074
  0.000056   0.999883   0.000062
  0.000041   0.999901   0.000058
  0.000029   0.999914   0.000057
  0.000022   0.999919   0.000059
  0.000019   0.999923   0.000058
  0.000019   0.999914   0.000067
  0.000021   0.999873   0.000106
  0.000026   0.999795   0.000179
  0.000036   0.999612   0.000352
  0.000055   0.999008   0.000936
  0.000063   0.998068   0.001869
  0.000065   0.996733   0.003202
  0.000042   0.997981   0.001977
  0.000033   0.998405   0.001563
  0.000033   0.998045   0.001922
  0.000044   0.998104   0.001852
  0.000053   0.998086   0.001861
  0.000066   0.998646   0.001288
  0.000104   0.999073   0.000823
  0.000171   0.999329   0.000499
  0.000494   0.999089   0.000417
  0.001456   0.998049   0.000496
  0.001131   0.998455   0.000413
  0.000543   0.999154   0.000304
  0.000211   0.999463   0.000326
  0.000089   0.999419   0.000492
  0.000043   0.999422   0.000534
  0.000024   0.999463   0.000513
  0.000018   0.999512   0.000470
  0.000019   0.999613   0.000368
  0.000025   0.999630   0.000345
  0.000040   0.999655   0.000305
  0.000061   0.999664   0.000275
  0.000092   0.999613   0.000295
  0.000120   0.999577   0.000303
  0.000158   0.999486   0.000356
  0.000209   0.999400   0.000392
  0.000151   0.999579   0.000270
  0.000085   0.999757   0.000158
  0.000048   0.999864   0.000088
  0.000032   0.999913   0.000055
  0.000029   0.999925   0.000046
  0.000027   0.999927   0.000046
  0.000030   0.999924   0.000046
  0.000037   0.999906   0.000057
  0.000051   0.999872   0.000077
  0.000100   0.999761   0.000139
  0.000175   0.999639   0.000186
  0.000272   0.999494   0.000234
  0.000456   0.999277   0.000267
  0.000927   0.998841   0.000231
  0.001392   0.998473   0.000135
  0.001248   0.998680   0.000073
  0.001535   0.998419   0.000046
  0.002975   0.996980   0.000044
  0.006596   0.993350   0.000054
  0.012293   0.987642   0.000065
  0.006517   0.993426   0.000057
  0.001852   0.998113   0.000036
  0.000804   0.999171   0.000025
  0.000495   0.999483   0.000022
  0.000497   0.999483   0.000020
  0.000819   0.999163   0.000018
  0.001539   0.998444   0.000017
  0.003512   0.996471   0.000017
  0.009197   0.990785   0.000018
  0.007788   0.992193   0.000019
  0.003090   0.996890   0.000019
  0.001164   0.998817   0.000019
  0.000367   0.999614   0.000019
  0.000176   0.999803   0.000020
  0.000109   0.999869   0.000021
  0.000091   0.999886   0.000023
  0.000101   0.999877   0.000022
  0.000140   0.999839   0.000021
  0.000312   0.999665   0.000024
  0.000900   0.999071   0.000029
  0.002618   0.997341   0.000041
  0.011805   0.988113   0.000082
  0.014719   0.985167   0.000114
  0.003356   0.996541   0.000104
  0.001028   0.998868   0.000104
  0.000407   0.999480   0.000113
  0.000206   0.999665   0.000129
  0.000146   0.999685   0.000169
  0.000142   0.999655   0.000204
  0.000133   0.999688   0.000179
  0.000132   0.999713   0.000155
  0.000205   0.999591   0.000204
  0.000469   0.999088   0.000444
  0.000955   0.998180   0.000865
  0.002037   0.996280   0.001683
  0.004094   0.992810   0.003096
  0.006784   0.988666   0.004549
  0.006585   0.990538   0.002877
  0.004601   0.993788   0.001611
  0.002897   0.996217   0.000886
  0.001574   0.997971   0.000455
  0.001075   0.998536   0.000389
  0.001040   0.998474   0.000486
  0.001313   0.998082   0.000605
  0.001875   0.997425   0.000700
  0.002751   0.996465   0.000784
  0.004746   0.994062   0.001192
  0.007402   0.991264   0.001334
  0.004567   0.994368   0.001065
  0.001917   0.997540   0.000543
  0.000694   0.998889   0.000417
  0.000290   0.999523   0.000187
  0.000181   0.999751   0.000067
  0.000182   0.999791   0.000027
  0.000163   0.999819   0.000018
  0.000155   0.999826   0.000019
  0.000221   0.999754   0.000026
  0.000422   0.999536   0.000042
  0.000834   0.999087   0.000079
  0.002152   0.997648   0.000200
  0.005766   0.993715   0.000519
  0.005705   0.993183   0.001112
  0.002201   0.996356   0.001443
  0.000920   0.996895   0.002185
  0.000564   0.997735   0.001701
  0.000381   0.997576   0.002044
  0.000435   0.997574   0.001990
  0.000878   0.997524   0.001598
  0.005434   0.992407   0.002159
  0.013792   0.984517   0.001691
  0.001252   0.998360   0.000387
  0.000205   0.999697   0.000099
  0.000063   0.999893   0.000044
  0.000034   0.999937   0.000029
  0.000029   0.999947   0.000024
  0.000042   0.999928   0.000030
  0.000081   0.999869   0.000050
  0.000121   0.999792   0.000086
  0.000173   0.999621   0.000206
  0.000295   0.998904   0.000801
  0.000372   0.997188   0.002440
  0.000328   0.997759   0.001913
  0.000178   0.999318   0.000504
  0.000109   0.999719   0.000171
  0.000102   0.999824   0.000074
  0.000144   0.999803   0.000053
  0.000344   0.999605   0.000051
  0.002137   0.997777   0.000085
  0.030654   0.969077   0.000269
  0.004457   0.995363   0.000180
  0.000482   0.999403   0.000116
  0.000146   0.999722   0.000132
  0.000065   0.999748   0.000187
  0.000041   0.999586   0.000373
  0.000035   0.999052   0.000913
  0.000033   0.998294   0.001674
  0.000030   0.998716   0.001254
  0.000031   0.999499   0.000470
  0.000053   0.999738   0.000209
  0.000137   0.999724   0.000139
  0.000390   0.999473   0.000137
  0.001991   0.997842   0.000167
  0.030554   0.969238   0.000208
  0.025379   0.974536   0.000085
  0.008426   0.991537   0.000036
  0.028262   0.971708   0.000031
  0.056881   0.943081   0.000038
  0.007814   0.992152   0.000034
  0.005321   0.994630   0.000049
  0.021579   0.978261   0.000160
  0.029772   0.969388   0.000840
  0.005745   0.989406   0.004849
  0.002150   0.985539   0.012311
  0.001047   0.995867   0.003086
  0.001016   0.998192   0.000791
  0.002256   0.997439   0.000306
  0.010709   0.988988   0.000303
  0.015963   0.983654   0.000383
  0.002275   0.997440   0.000285
  0.000705   0.999083   0.000212
  0.000451   0.999338   0.000211
  0.000499   0.999215   0.000287
  0.000758   0.998775   0.000467
  0.000999   0.998324   0.000677
  0.001052   0.998154   0.000795
  0.000885   0.998497   0.000618
  0.000698   0.998880   0.000422
  0.000456   0.999272   0.000272
  0.000249   0.999538   0.000213
  0.000155   0.999503   0.000341
  0.000098   0.999174   0.000728
  0.000084   0.998348   0.001568
  0.000064   0.998921   0.001015
  0.000041   0.999532   0.000427
  0.000031   0.999738   0.000232
  0.000025   0.999847   0.000128
  0.000026   0.999899   0.000075
  0.000029   0.999913   0.000058
  0.000032   0.999908   0.000060
  0.000033   0.999904   0.000063
  0.000030   0.999908   0.000062
  0.000026   0.999899   0.000075
  0.000025   0.999878   0.000097
  0.000022   0.999874   0.000104
  0.000018   0.999880   0.000102
  0.000017   0.999861   0.000122
  0.000018   0.999826   0.000156
  0.000018   0.999780   0.000202
  0.000021   0.999752   0.000227
  0.000026   0.999702   0.000273
  0.000032   0.999603   0.000365
  0.000036   0.999533   0.000432
  0.000039   0.999432   0.000529
  0.000036   0.999565   0.000399
  0.000031   0.999744   0.000225
  0.000034   0.999814   0.000152
  0.000033   0.999853   0.000115
  0.000034   0.999870   0.000097
  0.000035   0.999907   0.000059
  0.000034   0.999927   0.000040
  0.000027   0.999940   0.000033
  0.000024   0.999948   0.000027
  0.000027   0.999951   0.000022
  0.000038   0.999944   0.000018
  0.000072   0.999910   0.000018
  0.000174   0.999800   0.000025
  0.000480   0.999474   0.000046
  0.001040   0.998867   0.000094
  0.001091   0.998773   0.000137
  0.000707   0.999195   0.000098
  0.000514   0.999391   0.000094
  0.000411   0.999512   0.000077
  0.000273   0.999681   0.000046
  0.000227   0.999739   0.000034
  0.000187   0.999779   0.000034
  0.000165   0.999791   0.000043
  0.000131   0.999812   0.000057
  0.000152   0.999775   0.000073
  0.000125   0.999805   0.000070
  0.000090   0.999846   0.000064
  0.000066   0.999873   0.000061
  0.000049   0.999893   0.000059
  0.000035   0.999916   0.000049
  0.000029   0.999936   0.000035
  0.000038   0.999929   0.000032
  0.000071   0.999893   0.000037
  0.000198   0.999736   0.000066
  0.000555   0.999287   0.000158
  0.001063   0.998566   0.000371
  0.000797   0.998698   0.000505
  0.000526   0.999134   0.000340
  0.000271   0.999589   0.000140
  0.000113   0.999824   0.000062
  0.000077   0.999880   0.000043
  0.000054   0.999909   0.000037
  0.000043   0.999917   0.000040
  0.000030   0.999929   0.000041
  0.000023   0.999944   0.000033
  0.000019   0.999958   0.000024
  0.000017   0.999965   0.000018
  0.000019   0.999964   0.000017
  0.000022   0.999955   0.000023
  0.000026   0.999925   0.000049
  0.000025   0.999881   0.000094
  0.000028   0.999812   0.000160
  0.000040   0.999742   0.000218
  0.000072   0.999715   0.000213
  0.000137   0.999585   0.000278
  0.000223   0.999484   0.000293
  0.000294   0.999468   0.000238
  0.000348   0.999526   0.000126
  0.000322   0.999616   0.000062
  0.000373   0.999596   0.000031
  0.000358   0.999620   0.000022
  0.000387   0.999588   0.000025
  0.000249   0.999708   0.000043
  0.000125   0.999782   0.000093
  0.000065   0.999724   0.000211
  0.000040   0.999553   0.000407
  0.000026   0.999439   0.000535
  0.000018   0.999704   0.000278
  0.000017   0.999852   0.000131
  0.000022   0.999893   0.000085
  0.000035   0.999902   0.000063
  0.000060   0.999883   0.000057
  0.000080   0.999878   0.000042
  0.000071   0.999899   0.000031
  0.000070   0.999907   0.000023
  0.000117   0.999865   0.000019
  0.000154   0.999828   0.000018
  0.000179   0.999802   0.000019
  0.000165   0.999813   0.000023
  0.000151   0.999825   0.000025
  0.000122   0.999852   0.000025
  0.000105   0.999873   0.000022
  0.000094   0.999884   0.000022
  0.000103   0.999873   0.000024
  0.000128   0.999843   0.000029
  0.000125   0.999840   0.000035
  0.000128   0.999817   0.000056
  0.000100   0.999818   0.000082
  0.000079   0.999802   0.000119
  0.000051   0.999828   0.000121
  0.000042   0.999864   0.000094
  0.000035   0.999890   0.000075
  0.000028   0.999912   0.000059
  0.000028   0.999928   0.000044
  0.000038   0.999928   0.000033
  0.000067   0.999899   0.000034
  0.000156   0.999801   0.000043
  0.000430   0.999513   0.000057
  0.000996   0.998923   0.000081
  0.002006   0.997872   0.000122
  0.001397   0.998475   0.000128
  0.000605   0.999231   0.000164
  0.000291   0.999536   0.000173
  0.000175   0.999706   0.000119
  0.000087   0.999837   0.000076
  0.000043   0.999904   0.000054
  0.000028   0.999936   0.000036
  0.000022   0.999953   0.000025
  0.000022   0.999958   0.000020
  0.000029   0.999953   0.000019
  0.000042   0.999939   0.000019
  0.000073   0.999900   0.000027
  0.000119   0.999831   0.000050
  0.000168   0.999727   0.000105
  0.000456   0.999356   0.000187
  0.001265   0.998509   0.000226
  0.002027   0.997817   0.000156
  0.002074   0.997852   0.000073
  0.001552   0.998402   0.000046
  0.001342   0.998626   0.000032
  0.000794   0.999181   0.000025
  0.000494   0.999485   0.000021
  0.000400   0.999580   0.000020
  0.000246   0.999735   0.000019
  0.000109   0.999872   0.000019
  0.000055   0.999924   0.000020
  0.000039   0.999939   0.000022
  0.000036   0.999939   0.000026
  0.000043   0.999923   0.000034
  0.000071   0.999877   0.000052
  0.000151   0.999757   0.000092
  0.000289   0.999549   0.000162
  0.000426   0.999361   0.000213
  0.000471   0.999304   0.000225
  0.000468   0.999300   0.000233
  0.000356   0.999444   0.000200
  0.000266   0.999582   0.000152
  0.000264   0.999586   0.000150
  0.000358   0.999429   0.000213
  0.000540   0.999151   0.000309
  0.000677   0.998954   0.000368
  0.000473   0.999209   0.000318
  0.000546   0.999050   0.000405
  0.000561   0.998890   0.000548
  0.000545   0.998877   0.000578
  0.000515   0.998875   0.000609
  0.000251   0.999394   0.000354
  0.000125   0.999695   0.000179
  0.000081   0.999801   0.000118
  0.000051   0.999861   0.000088
  0.000032   0.999905   0.000062
  0.000022   0.999921   0.000057
  0.000019   0.999933   0.000049
  0.000020   0.999937   0.000043
  0.000022   0.999941   0.000036
  0.000025   0.999940   0.000035
  0.000028   0.999945   0.000027
  0.000047   0.999932   0.000021
  0.000122   0.999860   0.000018
  0.000275   0.999706   0.000018
  0.000530   0.999450   0.000020
  0.000858   0.999120   0.000022
  0.000717   0.999259   0.000023
  0.000371   0.999604   0.000025
  0.000149   0.999817   0.000034
  0.000072   0.999876   0.000052
  0.000040   0.999875   0.000084
  0.000025   0.999854   0.000121
  0.000021   0.999808   0.000171
  0.000020   0.999638   0.000343
  0.000021   0.999496   0.000482
  0.000026   0.999345   0.000629
  0.000040   0.999205   0.000755
  0.000061   0.998918   0.001021
  0.000136   0.998567   0.001298
  0.000335   0.998528   0.001137
  0.000538   0.998851   0.000611
  0.000353   0.999426   0.000221
  0.000203   0.999728   0.000069
  0.000175   0.999785   0.000039
  0.000208   0.999763   0.000030
  0.000336   0.999624   0.000040
  0.000468   0.999471   0.000061
  0.000671   0.999236   0.000093
  0.000683   0.999196   0.000122
  0.000345   0.999550   0.000105
  0.000109   0.999818   0.000073
  0.000036   0.999919   0.000045
  0.000022   0.999941   0.000038
  0.000019   0.999929   0.000051
  0.000022   0.999881   0.000097
  0.000040   0.999589   0.000371
  0.000112   0.997960   0.001927
  0.000222   0.996590   0.003189
  0.000313   0.998242   0.001446
  0.000373   0.998955   0.000672
  0.000483   0.999152   0.000366
  0.000505   0.999289   0.000206
  0.000428   0.999458   0.000114
  0.000392   0.999521   0.000087
  0.000415   0.999495   0.000090
  0.000400   0.999507   0.000092
  0.000420   0.999435   0.000145
  0.000404   0.999314   0.000282
  0.000318   0.999079   0.000603
  0.000216   0.998281   0.001502
  0.000096   0.997602   0.002302
  0.000051   0.996749   0.003201
  0.000026   0.996516   0.003458
  0.000024   0.995149   0.004827
  0.000035   0.996225   0.003741
  0.000067   0.997151   0.002783
  0.000143   0.997353   0.002505
  0.000477   0.996809   0.002713
  0.001042   0.996415   0.002543
  0.000773   0.997962   0.001264
  0.000336   0.999247   0.000417
  0.000173   0.999654   0.000173
  0.000129   0.999759   0.000112
  0.000089   0.999846   0.000066
  0.000053   0.999908   0.000040
  0.000039   0.999932   0.000029
  0.000034   0.999940   0.000025
  0.000035   0.999940   0.000025
  0.000040   0.999935   0.000025
  0.000053   0.999920   0.000026
  0.000116   0.999849   0.000035
  0.000401   0.999520   0.000079
  0.001105   0.998709   0.000186
  0.000752   0.999040   0.000208
  0.000211   0.999691   0.000098
  0.000076   0.999878   0.000046
  0.000043   0.999927   0.000030
  0.000032   0.999945   0.000023
  0.000024   0.999958   0.000018
  0.000022   0.999961   0.000017
  0.000030   0.999949   0.000021
  0.000034   0.999937   0.000030
  0.000038   0.999896   0.000066
  0.000054   0.999680   0.000266
  0.000081   0.998221   0.001698
  0.000110   0.992702   0.007188
  0.000175   0.988301   0.011524
  0.000344   0.994081   0.005575
  0.000687   0.995270   0.004043
  0.000672   0.996002   0.003327
  0.000460   0.996482   0.003058
  0.000229   0.998377   0.001395
  0.000101   0.999269   0.000631
  0.000057   0.999658   0.000285
  0.000043   0.999822   0.000135
  0.000040   0.999895   0.000064
  0.000078   0.999881   0.000041
  0.000240   0.999713   0.000046
  0.000876   0.999037   0.000087
  0.002363   0.997361   0.000276
  0.001750   0.997580   0.000670
  0.000555   0.998848   0.000597
  0.000303   0.999243   0.000453
  0.000252   0.999220   0.000528
  0.000260   0.998768   0.000972
  0.000261   0.996710   0.003029
  0.000303   0.996285   0.003412
  0.000380   0.998778   0.000842
  0.000641   0.999180   0.000180
  0.000631   0.999296   0.000073
  0.000367   0.999549   0.000084
  0.000206   0.999615   0.000179
  0.000151   0.998975   0.000874
  0.000089   0.997733   0.002177
  0.000038   0.998544   0.001418
  0.000018   0.999147   0.000835
  0.000020   0.999197   0.000783
  0.000064   0.998745   0.001191
  0.000211   0.998792   0.000997
  0.000330   0.999215   0.000455
  0.000390   0.999247   0.000363
  0.000340   0.999235   0.000425
  0.000209   0.999314   0.000477
  0.000099   0.999558   0.000343
  0.000042   0.999773   0.000185
  0.000024   0.999843   0.000134
  0.000022   0.999890   0.000087
  0.000036   0.999892   0.000072
  0.000107   0.999781   0.000113
  0.000498   0.999179   0.000322
  0.001393   0.997890   0.000717
  0.001441   0.997958   0.000601
  0.000482   0.999284   0.000234
  0.000131   0.999794   0.000075
  0.000051   0.999913   0.000036
  0.000026   0.999950   0.000024
  0.000018   0.999961   0.000020
  0.000017   0.999965   0.000018
  0.000021   0.999961   0.000018
  0.000030   0.999946   0.000025
  0.000044   0.999919   0.000037
  0.000078   0.999860   0.000062
  0.000171   0.999698   0.000131
  0.000346   0.999403   0.000250
  0.000554   0.999109   0.000337
  0.000791   0.998885   0.000325
  0.000679   0.999104   0.000217
  0.000295   0.999594   0.000111
  0.000093   0.999841   0.000066
  0.000036   0.999922   0.000042
  0.000019   0.999943   0.000038
  0.000017   0.999916   0.000067
  0.000019   0.999778   0.000203
  0.000024   0.999537   0.000439
  0.000031   0.999114   0.000855
  0.000035   0.998465   0.001500
  0.000035   0.999030   0.000935
  0.000032   0.999682   0.000286
  0.000027   0.999878   0.000095
  0.000025   0.999931   0.000044
  0.000022   0.999954   0.000024
  0.000019   0.999961   0.000020
  0.000017   0.999953   0.000030
  0.000018   0.999909   0.000073
  0.000019   0.999673   0.000308
  0.000018   0.999008   0.000973
  0.000020   0.998866   0.001114
  0.000022   0.999610   0.000368
  0.000022   0.999857   0.000121
  0.000022   0.999940   0.000038
  0.000022   0.999959   0.000019
  0.000021   0.999959   0.000020
  0.000020   0.999933   0.000047
  0.000018   0.999756   0.000226
  0.000017   0.999123   0.000860
  0.000017   0.999022   0.000960
  0.000017   0.999615   0.000368
  0.000017   0.999873   0.000110
  0.000020   0.999934   0.000046
  0.000029   0.999940   0.000031
  0.000055   0.999910   0.000035
  0.000143   0.999765   0.000091
  0.000428   0.999182   0.000390
  0.000654   0.998423   0.000923
  0.000248   0.999267   0.000486
  0.000061   0.999804   0.000136
  0.000024   0.999926   0.000050
  0.000021   0.999938   0.000040
  0.000035   0.999912   0.000053
  0.000137   0.999704   0.000159
  0.000944   0.998311   0.000745
  0.001154   0.998321   0.000525
  0.000260   0.999642   0.000098
  0.000081   0.999893   0.000026
  0.000049   0.999933   0.000018
  0.000096   0.999856   0.000048
  0.000450   0.999246   0.000304
  0.001708   0.996690   0.001603
  0.000858   0.998505   0.000637
  0.000165   0.999726   0.000109
  0.000047   0.999920   0.000032
  0.000046   0.999925   0.000029
  0.000096   0.999849   0.000055
  0.000217   0.999661   0.000123
  0.000459   0.999221   0.000320
  0.000508   0.999000   0.000491
  0.000252   0.999322   0.000425
  0.000100   0.999680   0.000220
  0.000049   0.999831   0.000120
  0.000030   0.999906   0.000064
  0.000021   0.999932   0.000047
  0.000018   0.999949   0.000034
  0.000017   0.999958   0.000025
  0.000026   0.999950   0.000023
  0.000090   0.999876   0.000034
  0.000384   0.999552   0.000064
  0.001168   0.998669   0.000163
  0.001395   0.998267   0.000338
  0.000505   0.999007   0.000488
  0.000150   0.999334   0.000517
  0.000063   0.999597   0.000340
  0.000038   0.999741   0.000221
  0.000025   0.999829   0.000145
  0.000021   0.999808   0.000171
  0.000020   0.999661   0.000319
  0.000028   0.999299   0.000673
  0.000058   0.998717   0.001225
  0.000100   0.998423   0.001477
  0.000135   0.999065   0.000800
  0.000150   0.999560   0.000290
  0.000137   0.999783   0.000080
  0.000207   0.999766   0.000027
  0.000395   0.999588   0.000017
  0.000949   0.999020   0.000031
  0.001227   0.998681   0.000092
  0.000358   0.999454   0.000188
  0.000117   0.999461   0.000422
  0.000070   0.998787   0.001143
  0.000066   0.998005   0.001929
  0.000065   0.998912   0.001024
  0.000075   0.999574   0.000351
  0.000096   0.999796   0.000109
  0.000122   0.999818   0.000060
  0.000179   0.999775   0.000046
  0.000195   0.999765   0.000040
  0.000183   0.999773   0.000043
  0.000201   0.999750   0.000048
  0.000196   0.999746   0.000058
  0.000216   0.999699   0.000085
  0.000232   0.999615   0.000152
  0.000235   0.999477   0.000288
  0.000332   0.999215   0.000453
  0.000951   0.998084   0.000965
  0.001891   0.996582   0.001527
  0.000920   0.998343   0.000737
  0.000409   0.999236   0.000355
  0.000160   0.999690   0.000150
  0.000062   0.999882   0.000056
  0.000037   0.999926   0.000037
  0.000030   0.999929   0.000041
  0.000037   0.999898   0.000065
  0.000074   0.999765   0.000161
  0.000144   0.999306   0.000550
  0.000297   0.997774   0.001929
  0.000429   0.993467   0.006104
  0.000238   0.997984   0.001778
  0.000123   0.999519   0.000358
  0.000071   0.999802   0.000128
  0.000043   0.999907   0.000050
  0.000039   0.999931   0.000030
  0.000035   0.999942   0.000023
  0.000030   0.999950   0.000020
  0.000026   0.999955   0.000019
  0.000021   0.999959   0.000020
  0.000019   0.999961   0.000020
  0.000018   0.999963   0.000019
  0.000018   0.999962   0.000019
  0.000019   0.999961   0.000019
  0.000019   0.999961   0.000020
  0.000018   0.999957   0.000025
  0.000017   0.999949   0.000034
  0.000017   0.999935   0.000048
  0.000018   0.999888   0.000094
  0.000018   0.999728   0.000253
  0.000020   0.999479   0.000501
  0.000024   0.999030   0.000946
  0.000034   0.998239   0.001727
  0.000043   0.998432   0.001525
  0.000048   0.999428   0.000525
  0.000053   0.999799   0.000148
  0.000067   0.999869   0.000064
  0.000105   0.999861   0.000034
  0.000168   0.999809   0.000022
  0.000177   0.999801   0.000022
  0.000126   0.999843   0.000030
  0.000100   0.999850   0.000051
  0.000117   0.999785   0.000098
  0.000127   0.999740   0.000133
  0.000161   0.999660   0.000179
  0.000208   0.999587   0.000206
  0.000176   0.999652   0.000172
  0.000110   0.999771   0.000119
  0.000052   0.999887   0.000061
  0.000026   0.999938   0.000036
  0.000018   0.999954   0.000028
  0.000019   0.999950   0.000032
  0.000029   0.999915   0.000057
  0.000089   0.999750   0.000161
  0.000338   0.999061   0.000601
  0.000280   0.999292   0.000429
  0.000102   0.999771   0.000127
  0.000033   0.999927   0.000041
  0.000018   0.999957   0.000025
  0.000018   0.999955   0.000027
  0.000027   0.999920   0.000054
  0.000038   0.999852   0.000110
  0.000045   0.999766   0.000189
  0.000040   0.999786   0.000174
  0.000036   0.999839   0.000125
  0.000038   0.999864   0.000098
  0.000035   0.999900   0.000065
  0.000032   0.999926   0.000042
  0.000024   0.999947   0.000029
  0.000020   0.999956   0.000024
  0.000020   0.999956   0.000024
  0.000024   0.999943   0.000033
  0.000027   0.999930   0.000043
  0.000029   0.999919   0.000052
  0.000030   0.999912   0.000058
  0.000031   0.999930   0.000039
  0.000033   0.999936   0.000031
  0.000036   0.999937   0.000028
  0.000032   0.999942   0.000026
  0.000027   0.999951   0.000022
  0.000021   0.999960   0.000018
  0.000018   0.999965   0.000017
  0.000017   0.999966   0.000017
  0.000019   0.999961   0.000019
  0.000023   0.999953   0.000024
  0.000026   0.999944   0.000030
  0.000025   0.999940   0.000035
  0.000029   0.999929   0.000042
  0.000034   0.999924   0.000042
  0.000040   0.999926   0.000034
  0.000050   0.999923   0.000027
  0.000060   0.999918   0.000022
  0.000069   0.999910   0.000021
  0.000069   0.999910   0.000021
  0.000089   0.999888   0.000023
  0.000090   0.999886   0.000024
  0.000087   0.999890   0.000023
  0.000089   0.999890   0.000021
  0.000098   0.999884   0.000018
  0.000096   0.999887   0.000017
  0.000084   0.999897   0.000019
  0.000076   0.999899   0.000025
  0.000070   0.999898   0.000032
  0.000085   0.999876   0.000039
  0.000069   0.999892   0.000039
  0.000048   0.999914   0.000038
  0.000030   0.999931   0.000039
  0.000024   0.999940   0.000036
  0.000022   0.999944   0.000034
  0.000028   0.999934   0.000038
  0.000038   0.999919   0.000043
  0.000048   0.999903   0.000050
  0.000059   0.999881   0.000059
  0.000064   0.999872   0.000064
  0.000065   0.999871   0.000064
  0.000070   0.999866   0.000064
  0.000087   0.999840   0.000073
  0.000092   0.999848   0.000061
  0.000085   0.999873   0.000042
  0.000126   0.999841   0.000034
  0.000247   0.999719   0.000035
  0.000279   0.999690   0.000032
  0.000205   0.999765   0.000030
  0.000163   0.999807   0.000031
  0.000115   0.999855   0.000030
  0.000063   0.999907   0.000030
  0.000041   0.999931   0.000028
  0.000032   0.999940   0.000028
  0.000027   0.999940   0.000034
  0.000026   0.999923   0.000051
  0.000031   0.999882   0.000087
  0.000043   0.999839   0.000118
  0.000063   0.999754   0.000183
  0.000077   0.999601   0.000322
  0.000072   0.999559   0.000370
  0.000066   0.999660   0.000275
  0.000064   0.999765   0.000171
  0.000069   0.999857   0.000074
  0.000096   0.999853   0.000051
  0.000192   0.999749   0.000059
  0.000749   0.999142   0.000109
  0.001871   0.997961   0.000168
  0.000496   0.999405   0.000100
  0.000103   0.999838   0.000059
  0.000041   0.999921   0.000038
  0.000022   0.999954   0.000024
  0.000022   0.999960   0.000018
  0.000043   0.999940   0.000017
  0.000125   0.999856   0.000019
  0.000512   0.999464   0.000023
  0.001772   0.998198   0.000030
  0.001397   0.998565   0.000039
  0.000339   0.999619   0.000041
  0.000072   0.999892   0.000036
  0.000032   0.999935   0.000033
  0.000022   0.999952   0.000026
  0.000020   0.999959   0.000020
  0.000020   0.999963   0.000017
  0.000020   0.999963   0.000017
  0.000025   0.999957   0.000018
  0.000035   0.999946   0.000019
  0.000051   0.999928   0.000022
  0.000067   0.999907   0.000026
  0.000097   0.999866   0.000037
  0.000158   0.999780   0.000062
  0.000316   0.999519   0.000165
  0.000528   0.998794   0.000677
  0.000469   0.998001   0.001530
  0.000253   0.997951   0.001796
  0.000107   0.999205   0.000688
  0.000058   0.999700   0.000242
  0.000075   0.999797   0.000128
  0.000124   0.999734   0.000142
  0.000308   0.999459   0.000232
  0.001073   0.998396   0.000531
  0.000938   0.998498   0.000564
  0.000357   0.999379   0.000264
  0.000121   0.999770   0.000109
  0.000055   0.999880   0.000065
  0.000042   0.999891   0.000067
  0.000053   0.999855   0.000093
  0.000106   0.999732   0.000162
  0.000230   0.999490   0.000280
  0.000478   0.999188   0.000334
  0.001235   0.998288   0.000477
  0.001310   0.998089   0.000600
  0.000610   0.998510   0.000880
  0.000331   0.998118   0.001551
  0.000262   0.994123   0.005615
  0.000363   0.970048   0.029589
  0.000200   0.994892   0.004908
  0.000123   0.998906   0.000971
  0.000075   0.999617   0.000308
  0.000050   0.999856   0.000094
  0.000039   0.999918   0.000043
  0.000041   0.999931   0.000028
  0.000062   0.999910   0.000028
  0.000214   0.999719   0.000067
  0.000854   0.998978   0.000168
  0.001166   0.998618   0.000216
  0.000833   0.998918   0.000248
  0.000627   0.999102   0.000271
  0.000299   0.999483   0.000218
  0.000139   0.999716   0.000145
  0.000062   0.999848   0.000090
  0.000034   0.999906   0.000060
  0.000025   0.999926   0.000048
  0.000019   0.999949   0.000032
  0.000018   0.999950   0.000032
  0.000027   0.999925   0.000048
  0.000070   0.999810   0.000120
  0.000270   0.999187   0.000543
  0.001152   0.995940   0.002908
  0.004395   0.979928   0.015677
  0.001354   0.990993   0.007653
  0.000193   0.996768   0.003038
  0.000050   0.996458   0.003492
  0.000028   0.993801   0.006171
  0.000027   0.982555   0.017418
  0.000030   0.984309   0.015660
  0.000031   0.993172   0.006797
  0.000029   0.994005   0.005965
  0.000026   0.987311   0.012663
  0.000023   0.992382   0.007595
  0.000020   0.995676   0.004304
  0.000020   0.995136   0.004844
  0.000023   0.993554   0.006424
  0.000032   0.987905   0.012063
  0.000039   0.986078   0.013883
  0.000041   0.988187   0.011771
  0.000039   0.989643   0.010319
  0.000044   0.982324   0.017632
  0.000044   0.979160   0.020797
  0.000038   0.990141   0.009821
  0.000059   0.989150   0.010791
  0.000109   0.980168   0.019724
  0.000182   0.984271   0.015547
  0.000418   0.995033   0.004550
  0.000742   0.996677   0.002582
  0.001071   0.995956   0.002973
  0.000915   0.992999   0.006086
  0.000464   0.973484   0.026053
  0.000193   0.983849   0.015958
  0.000097   0.995651   0.004252
  0.000077   0.997626   0.002297
  0.000067   0.997505   0.002427
  0.000067   0.996738   0.003194
  0.000056   0.996365   0.003578
  0.000050   0.995591   0.004359
  0.000052   0.993618   0.006329
  0.000050   0.993876   0.006074
  0.000049   0.995384   0.004567
  0.000050   0.996616   0.003334
  0.000051   0.998095   0.001854
  0.000060   0.998558   0.001383
  0.000065   0.998735   0.001200
  0.000076   0.998778   0.001147
  0.000109   0.998936   0.000955
  0.000159   0.998502   0.001339
  0.000226   0.997190   0.002584
  0.000244   0.997113   0.002643
  0.000220   0.997965   0.001815
  0.000168   0.998487   0.001345
  0.000101   0.999133   0.000766
  0.000074   0.999462   0.000464
  0.000063   0.999604   0.000333
  0.000056   0.999747   0.000197
  0.000057   0.999828   0.000115
  0.000050   0.999886   0.000064
  0.000036   0.999928   0.000036
  0.000029   0.999935   0.000036
  0.000024   0.999917   0.000059
  0.000021   0.999835   0.000144
  0.000021   0.999596   0.000383
  0.000021   0.998866   0.001113
  0.000021   0.997708   0.002271
  0.000020   0.998094   0.001887
  0.000018   0.999316   0.000666
  0.000018   0.999800   0.000182
  0.000023   0.999911   0.000067
  0.000042   0.999889   0.000069
  0.000148   0.999671   0.000182
  0.000566   0.998865   0.000569
  0.001402   0.997238   0.001360
  0.000813   0.998430   0.000757
  0.000225   0.999543   0.000232
  0.000065   0.999863   0.000072
  0.000034   0.999926   0.000040
  0.000021   0.999948   0.000031
  0.000018   0.999951   0.000032
  0.000018   0.999951   0.000031
  0.000020   0.999954   0.000026
  0.000028   0.999942   0.000030
  0.000053   0.999905   0.000042
  0.000138   0.999777   0.000085
  0.000331   0.999501   0.000168
  0.000633   0.998988   0.000379
  0.000662   0.998940   0.000399
  0.000340   0.999450   0.000210
  0.000094   0.999760   0.000146
  0.000044   0.999849   0.000107
  0.000024   0.999880   0.000096
  0.000022   0.999917   0.000061
  0.000024   0.999945   0.000031
  0.000025   0.999955   0.000019
  0.000026   0.999957   0.000017
  0.000029   0.999950   0.000021
  0.000028   0.999939   0.000033
  0.000033   0.999906   0.000061
  0.000067   0.999782   0.000151
  0.000151   0.999424   0.000426
  0.000316   0.998471   0.001213
  0.000434   0.998369   0.001197
  0.000286   0.999311   0.000403
  0.000162   0.999678   0.000160
  0.000089   0.999832   0.000079
  0.000053   0.999899   0.000048
  0.000036   0.999930   0.000034
  0.000044   0.999919   0.000037
  0.000077   0.999861   0.000062
  0.000136   0.999749   0.000115
  0.000201   0.999607   0.000192
  0.000276   0.999344   0.000381
  0.000246   0.999004   0.000750
  0.000163   0.998770   0.001068
  0.000109   0.999137   0.000754
  0.000081   0.999505   0.000414
  0.000069   0.999735   0.000197
  0.000065   0.999812   0.000123
  0.000074   0.999826   0.000100
  0.000093   0.999809   0.000099
  0.000091   0.999808   0.000101
  0.000077   0.999804   0.000119
  0.000064   0.999732   0.000204
  0.000060   0.999484   0.000456
  0.000085   0.998850   0.001065
  0.000139   0.998416   0.001445
  0.000236   0.999220   0.000544
  0.000334   0.999518   0.000149
  0.000275   0.999674   0.000051
  0.000198   0.999778   0.000024
  0.000148   0.999834   0.000018
  0.000065   0.999918   0.000017
  0.000033   0.999949   0.000018
  0.000026   0.999953   0.000021
  0.000026   0.999944   0.000030
  0.000032   0.999910   0.000057
  0.000037   0.999862   0.000101
  0.000037   0.999756   0.000207
  0.000030   0.999402   0.000568
  0.000024   0.998526   0.001451
  0.000019   0.998907   0.001074
  0.000017   0.999564   0.000419
  0.000018   0.999766   0.000215
  0.000022   0.999885   0.000094
  0.000025   0.999921   0.000054
  0.000030   0.999931   0.000039
  0.000047   0.999907   0.000046
  0.000076   0.999870   0.000054
  0.000112   0.999829   0.000059
  0.000233   0.999684   0.000084
  0.000355   0.999551   0.000095
  0.000495   0.999420   0.000085
  0.000620   0.999310   0.000070
  0.000862   0.999087   0.000051
  0.000741   0.999229   0.000030
  0.000583   0.999398   0.000019
  0.000387   0.999597   0.000017
  0.000319   0.999662   0.000019
  0.000307   0.999662   0.000031
  0.000432   0.999499   0.000069
  0.000634   0.999214   0.000152
  0.000652   0.999147   0.000201
  0.000500   0.999294   0.000206
  0.000285   0.999535   0.000180
  0.000135   0.999706   0.000160
  0.000094   0.999691   0.000215
  0.000073   0.999665   0.000261
  0.000056   0.999703   0.000241
  0.000044   0.999775   0.000181
  0.000045   0.999794   0.000161
  0.000046   0.999792   0.000162
  0.000046   0.999792   0.000162
  0.000047   0.999813   0.000140
  0.000054   0.999840   0.000106
  0.000062   0.999880   0.000058
  0.000094   0.999871   0.000034
  0.000172   0.999805   0.000023
  0.000237   0.999745   0.000018
  0.000240   0.999743   0.000017
  0.000318   0.999662   0.000020
  0.000335   0.999639   0.000025
  0.000265   0.999701   0.000034
  0.000217   0.999739   0.000043
  0.000155   0.999792   0.000053
  0.000105   0.999831   0.000063
  0.000099   0.999819   0.000082
  0.000092   0.999811   0.000097
  0.000079   0.999824   0.000097
  0.000055   0.999868   0.000077
  0.000040   0.999899   0.000061
  0.000045   0.999897   0.000058
  0.000071   0.999876   0.000053
  0.000104   0.999850   0.000046
  0.000167   0.999781   0.000052
  0.000260   0.999696   0.000043
  0.000311   0.999650   0.000039
  0.000173   0.999784   0.000042
  0.000094   0.999833   0.000073
  0.000046   0.999809   0.000145
  0.000041   0.999645   0.000314
  0.000114   0.999365   0.000520
  0.000472   0.998796   0.000732
  0.000679   0.998823   0.000498
  0.000177   0.999618   0.000205
  0.000069   0.999741   0.000190
  0.000075   0.999463   0.000461
  0.000145   0.998491   0.001365
  0.000318   0.997903   0.001779
  0.000317   0.998917   0.000766
  0.000147   0.999669   0.000184
  0.000062   0.999886   0.000053
  0.000031   0.999942   0.000026
  0.000023   0.999950   0.000028
  0.000030   0.999917   0.000054
  0.000071   0.999806   0.000124
  0.000228   0.999575   0.000198
  0.000795   0.998990   0.000215
  0.000889   0.998937   0.000174
  0.000282   0.999551   0.000167
  0.000103   0.999726   0.000171
  0.000061   0.999792   0.000147
  0.000056   0.999823   0.000121
  0.000107   0.999736   0.000157
  0.000224   0.999573   0.000202
  0.000379   0.999449   0.000172
  0.000377   0.999525   0.000098
  0.000270   0.999677   0.000053
  0.000128   0.999844   0.000028
  0.000058   0.999925   0.000018
  0.000032   0.999950   0.000017
  0.000028   0.999950   0.000023
  0.000030   0.999940   0.000031
  0.000047   0.999904   0.000049
  0.000096   0.999793   0.000111
  0.000257   0.999443   0.000300
  0.000612   0.998914   0.000474
  0.000849   0.998688   0.000462
  0.000506   0.999332   0.000162
  0.000242   0.999699   0.000059
  0.000122   0.999844   0.000033
  0.000052   0.999928   0.000019
  0.000033   0.999949   0.000018
  0.000035   0.999942   0.000024
  0.000034   0.999938   0.000029
  0.000032   0.999938   0.000031
  0.000029   0.999942   0.000029
  0.000027   0.999945   0.000028
  0.000024   0.999950   0.000026
  0.000019   0.999955   0.000027
  0.000017   0.999950   0.000033
  0.000018   0.999944   0.000038
  0.000020   0.999929   0.000051
  0.000030   0.999869   0.000101
  0.000060   0.999744   0.000196
  0.000185   0.999513   0.000302
  0.000430   0.999418   0.000152
  0.000635   0.999310   0.000055
  0.000488   0.999485   0.000027
  0.000195   0.999786   0.000019
  0.000081   0.999901   0.000017
  0.000045   0.999938   0.000018
  0.000031   0.999950   0.000019
  0.000024   0.999957   0.000019
  0.000021   0.999959   0.000020
  0.000022   0.999957   0.000021
  0.000032   0.999945   0.000023
  0.000050   0.999928   0.000022
  0.000075   0.999905   0.000020
  0.000145   0.999837   0.000018
  0.000244   0.999739   0.000018
  0.000417   0.999563   0.000020
  0.000662   0.999310   0.000028
  0.000506   0.999457   0.000036
  0.000235   0.999713   0.000052
  0.000081   0.999841   0.000077
  0.000027   0.999860   0.000113
  0.000018   0.999797   0.000185
  0.000020   0.999768   0.000213
  0.000027   0.999781   0.000192
  0.000041   0.999808   0.000150
  0.000072   0.999815   0.000113
  0.000100   0.999814   0.000086
  0.000096   0.999850   0.000053
  0.000068   0.999895   0.000037
  0.000054   0.999916   0.000030
  0.000042   0.999934   0.000024
  0.000032   0.999946   0.000022
  0.000027   0.999953   0.000020
  0.000024   0.999956   0.000020
  0.000022   0.999956   0.000021
  0.000022   0.999952   0.000026
  0.000023   0.999947   0.000030
  0.000025   0.999935   0.000040
  0.000027   0.999930   0.000043
  0.000037   0.999914   0.000049
  0.000059   0.999881   0.000060
  0.000088   0.999823   0.000090
  0.000084   0.999801   0.000115
  0.000070   0.999782   0.000148
  0.000055   0.999835   0.000110
  0.000040   0.999896   0.000064
  0.000028   0.999940   0.000032
  0.000023   0.999954   0.000023
  0.000020   0.999961   0.000019
  0.000018   0.999965   0.000018
  0.000018   0.999964   0.000017
  0.000020   0.999963   0.000017
  0.000022   0.999961   0.000017
  0.000030   0.999949   0.000021
  0.000048   0.999923   0.000029
  0.000056   0.999907   0.000037
  0.000091   0.999846   0.000063
  0.000184   0.999672   0.000144
  0.000362   0.999277   0.000361
  0.000356   0.999127   0.000516
  0.000237   0.999321   0.000442
  0.000106   0.999642   0.000252
  0.000035   0.999876   0.000089
  0.000020   0.999937   0.000043
  0.000020   0.999934   0.000046
  0.000033   0.999883   0.000085
  0.000077   0.999752   0.000171
  0.000168   0.999572   0.000260
  0.000231   0.999397   0.000372
  0.000225   0.999381   0.000394
  0.000172   0.999489   0.000339
  0.000155   0.999461   0.000384
  0.000127   0.999531   0.000342
  0.000106   0.999585   0.000309
  0.000083   0.999650   0.000266
  0.000050   0.999762   0.000188
  0.000035   0.999790   0.000175
  0.000024   0.999829   0.000147
  0.000019   0.999829   0.000152
  0.000018   0.999750   0.000232
  0.000017   0.999388   0.000594
  0.000020   0.997990   0.001990
  0.000024   0.992453   0.007523
  0.000031   0.982397   0.017573
  0.000033   0.994221   0.005746
  0.000034   0.997933   0.002033
  0.000033   0.998604   0.001362
  0.000030   0.998634   0.001336
  0.000025   0.997930   0.002045
  0.000021   0.996401   0.003579
  0.000020   0.992674   0.007306
  0.000020   0.986141   0.013839
  0.000022   0.992501   0.007477
  0.000022   0.996433   0.003545
  0.000019   0.998481   0.001500
  0.000019   0.999147   0.000834
  0.000022   0.999565   0.000413
  0.000030   0.999760   0.000210
  0.000042   0.999815   0.000143
  0.000050   0.999846   0.000105
  0.000069   0.999808   0.000122
  0.000147   0.999624   0.000229
  0.000359   0.999308   0.000333
  0.000597   0.998844   0.000559
  0.000455   0.998729   0.000816
  0.000179   0.998333   0.001487
  0.000066   0.996909   0.003025
  0.000030   0.995541   0.004428
  0.000021   0.995284   0.004695
  0.000018   0.996662   0.003320
  0.000017   0.997438   0.002545
  0.000018   0.997987   0.001995
  0.000020   0.997688   0.002292
  0.000028   0.995995   0.003977
  0.000045   0.992633   0.007322
  0.000074   0.992276   0.007650
  0.000139   0.995104   0.004757
  0.000271   0.996084   0.003646
  0.000599   0.993332   0.006069
  0.001061   0.983152   0.015787
  0.000604   0.992693   0.006703
  0.000289   0.997730   0.001981
  0.000123   0.999068   0.000808
  0.000057   0.999339   0.000604
  0.000032   0.999542   0.000426
  0.000023   0.999626   0.000351
  0.000035   0.999613   0.000352
  0.000149   0.999291   0.000560
  0.001237   0.997811   0.000951
  0.008877   0.988806   0.002317
  0.002541   0.995706   0.001753
  0.000358   0.998153   0.001489
  0.000087   0.997517   0.002396
  0.000041   0.996085   0.003874
  0.000026   0.996700   0.003274
  0.000022   0.997133   0.002844
  0.000026   0.996828   0.003146
  0.000052   0.997569   0.002379
  0.000168   0.998775   0.001057
  0.000484   0.998746   0.000771
  0.001832   0.997161   0.001007
  0.005476   0.991671   0.002853
  0.003120   0.991910   0.004971
  0.000514   0.997316   0.002170
  0.000139   0.999281   0.000580
  0.000065   0.999774   0.000160
  0.000070   0.999847   0.000082
  0.000079   0.999885   0.000036
  0.000106   0.999874   0.000020
  0.000296   0.999682   0.000022
  0.001374   0.998588   0.000038
  0.005549   0.994364   0.000088
  0.004239   0.995625   0.000136
  0.001062   0.998770   0.000168
  0.000227   0.999611   0.000162
  0.000061   0.999787   0.000152
  0.000037   0.999750   0.000214
  0.000036   0.999496   0.000467
  0.000036   0.998797   0.001167
  0.000043   0.997593   0.002364
  0.000058   0.998091   0.001850
  0.000084   0.999107   0.000809
  0.000128   0.999662   0.000211
  0.000220   0.999708   0.000072
  0.000286   0.999686   0.000028
  0.000448   0.999534   0.000018
  0.000483   0.999499   0.000018
  0.000553   0.999421   0.000026
  0.000872   0.999063   0.000064
  0.002413   0.997355   0.000233
  0.007968   0.991098   0.000934
  0.004962   0.992719   0.002319
  0.001486   0.996629   0.001885
  0.000795   0.997683   0.001522
  0.000591   0.997400   0.002009
  0.000724   0.997275   0.002001
  0.001022   0.997339   0.001639
  0.001115   0.998013   0.000872
  0.001506   0.997864   0.000630
  0.003356   0.995724   0.000919
  0.003931   0.995102   0.000967
  0.003087   0.996150   0.000763
  0.001564   0.997655   0.000781
  0.000707   0.998420   0.000872
  0.000335   0.998713   0.000952
  0.000132   0.999253   0.000615
  0.000046   0.999731   0.000222
  0.000039   0.999842   0.000119
  0.000054   0.999817   0.000129
  0.000127   0.999679   0.000193
  0.000437   0.999188   0.000375
  0.002249   0.996714   0.001037
  0.010096   0.988107   0.001797
  0.004787   0.994152   0.001061
  0.000727   0.998908   0.000364
  0.000153   0.999678   0.000169
  0.000062   0.999846   0.000092
  0.000043   0.999873   0.000084
  0.000043   0.999854   0.000103
  0.000055   0.999819   0.000126
  0.000082   0.999796   0.000122
  0.000112   0.999771   0.000116
  0.000151   0.999682   0.000166
  0.000195   0.999518   0.000287
  0.000225   0.999351   0.000424
  0.000169   0.999204   0.000628
  0.000085   0.999036   0.000879
  0.000053   0.998659   0.001288
  0.000038   0.998597   0.001365
  0.000027   0.999143   0.000830
  0.000020   0.999495   0.000485
  0.000020   0.999606   0.000374
  0.000033   0.999593   0.000373
  0.000065   0.999578   0.000357
  0.000106   0.999587   0.000306
  0.000115   0.999715   0.000170
  0.000109   0.999803   0.000088
  0.000070   0.999887   0.000043
  0.000050   0.999921   0.000029
  0.000034   0.999942   0.000024
  0.000029   0.999944   0.000027
  0.000024   0.999944   0.000032
  0.000020   0.999943   0.000037
  0.000019   0.999943   0.000038
  0.000018   0.999947   0.000035
  0.000017   0.999950   0.000033
  0.000017   0.999947   0.000036
  0.000019   0.999937   0.000045
  0.000020   0.999909   0.000071
  0.000020   0.999900   0.000080
  0.000021   0.999883   0.000096
  0.000020   0.999882   0.000097
  0.000019   0.999855   0.000126
  0.000018   0.999726   0.000256
  0.000018   0.999336   0.000646
  0.000018   0.998177   0.001805
  0.000019   0.996340   0.003641
  0.000021   0.995691   0.004288
  0.000025   0.997199   0.002776
  0.000024   0.999017   0.000959
  0.000022   0.999662   0.000316
  0.000021   0.999852   0.000127
  0.000021   0.999919   0.000059
  0.000027   0.999936   0.000038
  0.000035   0.999932   0.000033
  0.000047   0.999921   0.000032
  0.000061   0.999903   0.000036
  0.000074   0.999876   0.000050
  0.000069   0.999869   0.000062
  0.000076   0.999790   0.000134
  0.000097   0.999537   0.000366
  0.000135   0.999105   0.000759
  0.000121   0.999258   0.000621
  0.000066   0.999765   0.000169
  0.000044   0.999892   0.000064
  0.000034   0.999931   0.000035
  0.000026   0.999952   0.000023
  0.000021   0.999959   0.000020
  0.000020   0.999960   0.000019
  0.000025   0.999954   0.000021
  0.000038   0.999940   0.000022
  0.000071   0.999902   0.000027
  0.000116   0.999850   0.000034
  0.000236   0.999712   0.000053
  0.000395   0.999513   0.000092
  0.000496   0.999296   0.000208
  0.000405   0.999146   0.000449
  0.000200   0.999183   0.000617
  0.000082   0.999216   0.000702
  0.000045   0.999220   0.000735
  0.000044   0.999274   0.000682
  0.000041   0.999548   0.000411
  0.000038   0.999757   0.000205
  0.000042   0.999856   0.000102
  0.000045   0.999880   0.000075
  0.000048   0.999887   0.000065
  0.000047   0.999899   0.000054
  0.000047   0.999902   0.000050
  0.000053   0.999886   0.000060
  0.000061   0.999870   0.000070
  0.000086   0.999853   0.000061
  0.000109   0.999849   0.000042
  0.000165   0.999805   0.000030
  0.000293   0.999679   0.000029
  0.000511   0.999454   0.000035
  0.000812   0.999142   0.000047
  0.000789   0.999143   0.000068
  0.000457   0.999457   0.000087
  0.000142   0.999758   0.000100
  0.000058   0.999815   0.000128
  0.000027   0.999757   0.000216
  0.000018   0.999611   0.000371
  0.000018   0.999515   0.000467
  0.000022   0.999552   0.000426
  0.000027   0.999702   0.000271
  0.000035   0.999835   0.000130
  0.000049   0.999872   0.000079
  0.000064   0.999892   0.000044
  0.000065   0.999909   0.000026
  0.000065   0.999917   0.000017
  0.000070   0.999911   0.000019
  0.000081   0.999891   0.000028
  0.000086   0.999855   0.000059
  0.000098   0.999715   0.000187
  0.000192   0.998995   0.000813
  0.000302   0.998018   0.001680
  0.000208   0.999282   0.000510
  0.000120   0.999788   0.000092
  0.000086   0.999877   0.000037
  0.000066   0.999911   0.000022
  0.000044   0.999936   0.000020
  0.000032   0.999946   0.000022
  0.000030   0.999943   0.000026
  0.000033   0.999936   0.000030
  0.000041   0.999916   0.000042
  0.000055   0.999889   0.000055
  0.000044   0.999913   0.000044
  0.000033   0.999935   0.000033
  0.000025   0.999951   0.000025
  0.000021   0.999959   0.000020
  0.000020   0.999961   0.000019
  0.000020   0.999959   0.000021
  0.000022   0.999949   0.000029
  0.000028   0.999904   0.000069
  0.000034   0.999644   0.000322
  0.000045   0.998653   0.001302
  0.000046   0.999058   0.000896
  0.000040   0.999725   0.000235
  0.000036   0.999888   0.000075
  0.000039   0.999929   0.000032
  0.000056   0.999914   0.000030
  0.000097   0.999845   0.000058
  0.000161   0.999681   0.000159
  0.000210   0.999377   0.000414
  0.000131   0.999510   0.000359
  0.000066   0.999775   0.000159
  0.000037   0.999881   0.000081
  0.000027   0.999918   0.000055
  0.000030   0.999917   0.000053
  0.000041   0.999901   0.000058
  0.000067   0.999875   0.000058
  0.000103   0.999823   0.000073
  0.000168   0.999692   0.000139
  0.000330   0.999371   0.000299
  0.000401   0.999256   0.000343
  0.000277   0.999455   0.000268
  0.000159   0.999679   0.000161
  0.000093   0.999815   0.000092
  0.000039   0.999924   0.000037
  0.000022   0.999957   0.000021
  0.000019   0.999961   0.000019
  0.000031   0.999937   0.000031
  0.000148   0.999716   0.000135
  0.000840   0.998438   0.000722
  0.000869   0.998397   0.000734
  0.000291   0.999456   0.000253
  0.000102   0.999809   0.000089
  0.000042   0.999920   0.000038
  0.000024   0.999955   0.000021
  0.000019   0.999964   0.000017
  0.000020   0.999963   0.000018
  0.000026   0.999953   0.000021
  0.000046   0.999929   0.000025
  0.000087   0.999883   0.000030
  0.000134   0.999833   0.000033
  0.000213   0.999748   0.000040
  0.000321   0.999626   0.000053
  0.000451   0.999469   0.000080
  0.000300   0.999596   0.000104
  0.000203   0.999693   0.000104
  0.000142   0.999768   0.000090
  0.000084   0.999846   0.000071
  0.000056   0.999889   0.000055
  0.000039   0.999918   0.000042
  0.000036   0.999924   0.000040
  0.000035   0.999924   0.000041
  0.000027   0.999938   0.000035
  0.000022   0.999943   0.000036
  0.000018   0.999948   0.000034
  0.000017   0.999949   0.000034
  0.000020   0.999935   0.000045
  0.000036   0.999891   0.000073
  0.000139   0.999725   0.000136
  0.001089   0.998633   0.000278
  0.003512   0.996150   0.000338
  0.000774   0.999095   0.000131
  0.000152   0.999805   0.000042
  0.000062   0.999912   0.000026
  0.000059   0.999914   0.000027
  0.000073   0.999886   0.000041
  0.000082   0.999849   0.000069
  0.000096   0.999805   0.000098
  0.000093   0.999813   0.000094
  0.000094   0.999834   0.000072
  0.000112   0.999841   0.000046
  0.000197   0.999769   0.000034
  0.000488   0.999482   0.000031
  0.001331   0.998636   0.000033
  0.001079   0.998878   0.000043
  0.000693   0.999225   0.000082
  0.000360   0.999490   0.000150
  0.000175   0.999651   0.000174
  0.000169   0.999636   0.000195
  0.000180   0.999631   0.000189
  0.000159   0.999667   0.000174
  0.000185   0.999658   0.000157
  0.000169   0.999714   0.000117
  0.000235   0.999684   0.000082
  0.000504   0.999441   0.000055
  0.000617   0.999341   0.000042
  0.000527   0.999439   0.000034
  0.000258   0.999716   0.000025
  0.000139   0.999839   0.000023
  0.000090   0.999887   0.000023
  0.000074   0.999898   0.000029
  0.000062   0.999905   0.000033
  0.000051   0.999902   0.000047
  0.000037   0.999892   0.000071
  0.000028   0.999838   0.000134
  0.000024   0.999688   0.000288
  0.000025   0.999597   0.000378
  0.000030   0.999748   0.000222
  0.000034   0.999877   0.000089
  0.000060   0.999903   0.000037
  0.000143   0.999835   0.000021
  0.000344   0.999639   0.000017
  0.000812   0.999170   0.000019
  0.001183   0.998790   0.000027
  0.000916   0.999039   0.000045
  0.000429   0.999504   0.000067
  0.000248   0.999687   0.000064
  0.000166   0.999772   0.000062
  0.000097   0.999846   0.000057
  0.000052   0.999897   0.000052
  0.000028   0.999914   0.000058
  0.000022   0.999908   0.000070
  0.000034   0.999884   0.000083
  0.000067   0.999834   0.000099
  0.000126   0.999782   0.000092
  0.000230   0.999694   0.000075
  0.000496   0.999424   0.000080
  0.001095   0.998813   0.000092
  0.001364   0.998530   0.000106
  0.000979   0.998945   0.000076
  0.000524   0.999433   0.000043
  0.000156   0.999818   0.000026
  0.000059   0.999922   0.000020
  0.000028   0.999955   0.000017
  0.000020   0.999960   0.000020
  0.000018   0.999955   0.000027
  0.000019   0.999950   0.000031
  0.000025   0.999940   0.000035
  0.000051   0.999908   0.000042
  0.000146   0.999797   0.000057
  0.000530   0.999402   0.000069
  0.001595   0.998319   0.000085
  0.001543   0.998373   0.000084
  0.000556   0.999399   0.000045
  0.000154   0.999815   0.000032
  0.000049   0.999923   0.000028
  0.000025   0.999946   0.000029
  0.000029   0.999939   0.000032
  0.000056   0.999902   0.000042
  0.000105   0.999851   0.000045
  0.000190   0.999768   0.000042
  0.000269   0.999698   0.000033
  0.000549   0.999424   0.000027
  0.000751   0.999223   0.000026
  0.000419   0.999558   0.000023
  0.000176   0.999803   0.000021
  0.000074   0.999903   0.000022
  0.000055   0.999917   0.000028
  0.000048   0.999910   0.000042
  0.000060   0.999859   0.000081
  0.000084   0.999781   0.000134
  0.000117   0.999685   0.000199
  0.000137   0.999620   0.000243
  0.000150   0.999563   0.000287
  0.000184   0.999483   0.000333
  0.000186   0.999522   0.000292
  0.000160   0.999629   0.000212
  0.000104   0.999779   0.000117
  0.000099   0.999799   0.000102
  0.000088   0.999827   0.000086
  0.000108   0.999791   0.000101
  0.000142   0.999724   0.000135
  0.000108   0.999768   0.000124
  0.000059   0.999846   0.000095
  0.000037   0.999860   0.000103
  0.000030   0.999821   0.000149
  0.000022   0.999759   0.000219
  0.000019   0.999637   0.000344
  0.000018   0.999280   0.000701
  0.000018   0.999161   0.000821
  0.000020   0.999348   0.000632
  0.000024   0.999612   0.000364
  0.000033   0.999756   0.000211
  0.000040   0.999734   0.000226
  0.000054   0.999704   0.000241
  0.000084   0.999703   0.000213
  0.000154   0.999627   0.000219
  0.000240   0.999585   0.000176
  0.000375   0.999434   0.000190
  0.000630   0.999117   0.000253
  0.001008   0.998721   0.000271
  0.002264   0.997398   0.000337
  0.004390   0.995188   0.000421
  0.005395   0.994080   0.000525
  0.005271   0.994150   0.000578
  0.003080   0.996494   0.000426
  0.001930   0.997718   0.000352
  0.001883   0.997741   0.000376
  0.002163   0.997492   0.000345
  0.004304   0.995403   0.000293
  0.005088   0.994538   0.000374
  0.002954   0.996679   0.000367
  0.001240   0.998378   0.000382
  0.000844   0.998668   0.000487
  0.000785   0.998157   0.001059
  0.000621   0.997972   0.001408
  0.000535   0.997207   0.002258
  0.000392   0.997748   0.001860
  0.000383   0.999044   0.000573
  0.000317   0.999513   0.000170
  0.000200   0.999738   0.000062
  0.000146   0.999821   0.000033
  0.000166   0.999807   0.000027
  0.000219   0.999742   0.000038
  0.000304   0.999616   0.000080
  0.000605   0.999202   0.000193
  0.002123   0.997216   0.000661
  0.006160   0.991270   0.002570
  0.005003   0.989435   0.005562
  0.001766   0.992219   0.006015
  0.000973   0.993474   0.005553
  0.000807   0.993251   0.005942
  0.002284   0.983762   0.013954
  0.005430   0.977765   0.016805
  0.005466   0.985547   0.008987
  0.005061   0.991222   0.003717
  0.003261   0.994917   0.001821
  0.001741   0.996934   0.001325
  0.000801   0.998130   0.001069
  0.000532   0.998486   0.000982
  0.000492   0.998189   0.001319
  0.000452   0.997484   0.002063
  0.000590   0.994057   0.005353
  0.000515   0.990282   0.009202
  0.000266   0.995581   0.004153
  0.000169   0.996924   0.002908
  0.000195   0.997537   0.002269
  0.000297   0.997625   0.002078
  0.000444   0.997570   0.001986
  0.000561   0.998101   0.001338
  0.000654   0.998360   0.000986
  0.000867   0.998028   0.001105
  0.000961   0.997634   0.001405
  0.001008   0.997623   0.001369
  0.000803   0.998469   0.000728
  0.000934   0.998645   0.000420
  0.000827   0.998897   0.000277
  0.000650   0.999223   0.000127
  0.000410   0.999524   0.000066
  0.000349   0.999604   0.000047
  0.000375   0.999595   0.000030
  0.000282   0.999698   0.000020
  0.000161   0.999821   0.000018
  0.000085   0.999893   0.000022
  0.000044   0.999910   0.000046
  0.000030   0.999825   0.000145
  0.000024   0.999389   0.000586
  0.000022   0.998612   0.001366
  0.000022   0.999278   0.000699
  0.000022   0.999820   0.000158
  0.000019   0.999921   0.000060
  0.000017   0.999940   0.000043
  0.000018   0.999939   0.000044
  0.000021   0.999924   0.000054
  0.000033   0.999897   0.000070
  0.000085   0.999839   0.000076
  0.000180   0.999711   0.000109
  0.000522   0.999306   0.000171
  0.001361   0.998433   0.000206
  0.002325   0.997420   0.000254
  0.002133   0.997707   0.000160
  0.001557   0.998356   0.000087
  0.000467   0.999494   0.000038
  0.000098   0.999882   0.000020
  0.000036   0.999947   0.000017
  0.000021   0.999961   0.000019
  0.000029   0.999941   0.000030
  0.000066   0.999877   0.000056
  0.000163   0.999729   0.000109
  0.000401   0.999398   0.000202
  0.000826   0.998922   0.000251
  0.001175   0.998598   0.000227
  0.000565   0.999333   0.000102
  0.000223   0.999712   0.000066
  0.000089   0.999836   0.000076
  0.000048   0.999820   0.000132
  0.000033   0.999720   0.000247
  0.000030   0.999496   0.000474
  0.000034   0.999290   0.000677
  0.000036   0.999358   0.000606
  0.000033   0.999713   0.000255
  0.000029   0.999848   0.000123
  0.000025   0.999921   0.000054
  0.000021   0.999951   0.000028
  0.000019   0.999962   0.000019
  0.000020   0.999960   0.000021
  0.000025   0.999947   0.000028
  0.000038   0.999910   0.000052
  0.000056   0.999830   0.000114
  0.000095   0.999593   0.000312
  0.000097   0.999424   0.000479
  0.000051   0.999595   0.000355
  0.000029   0.999781   0.000190
  0.000024   0.999798   0.000178
  0.000021   0.999833   0.000146
  0.000021   0.999872   0.000107
  0.000021   0.999883   0.000096
  0.000021   0.999908   0.000071
  0.000021   0.999923   0.000056
  0.000025   0.999938   0.000037
  0.000037   0.999926   0.000037
  0.000053   0.999899   0.000047
  0.000065   0.999877   0.000058
  0.000077   0.999867   0.000056
  0.000073   0.999879   0.000048
  0.000074   0.999877   0.000049
  0.000072   0.999884   0.000044
  0.000067   0.999900   0.000033
  0.000077   0.999893   0.000030
  0.000104   0.999866   0.000030
  0.000121   0.999848   0.000031
  0.000154   0.999808   0.000038
  0.000136   0.999833   0.000031
  0.000106   0.999867   0.000027
  0.000069   0.999895   0.000036
  0.000052   0.999882   0.000067
  0.000044   0.999829   0.000127
  0.000032   0.999750   0.000218
  0.000027   0.999726   0.000247
  0.000024   0.999764   0.000212
  0.000022   0.999787   0.000191
  0.000021   0.999870   0.000109
  0.000018   0.999933   0.000049
  0.000018   0.999956   0.000027
  0.000021   0.999960   0.000019
  0.000026   0.999954   0.000020
  0.000043   0.999930   0.000028
  0.000100   0.999842   0.000059
  0.000240   0.999593   0.000167
  0.000298   0.999239   0.000463
  0.000145   0.999214   0.000641
  0.000055   0.999521   0.000424
  0.000026   0.999698   0.000276
  0.000019   0.999813   0.000168
  0.000027   0.999826   0.000148
  0.000044   0.999709   0.000247
  0.000076   0.999391   0.000533
  0.000123   0.998811   0.001065
  0.000123   0.998907   0.000970
  0.000096   0.999245   0.000659
  0.000070   0.999573   0.000356
  0.000052   0.999729   0.000218
  0.000042   0.999810   0.000148
  0.000034   0.999848   0.000118
  0.000030   0.999901   0.000069
  0.000042   0.999896   0.000062
  0.000095   0.999812   0.000093
  0.000212   0.999604   0.000184
  0.000374   0.999282   0.000344
  0.000492   0.998950   0.000558
  0.000343   0.999139   0.000518
  0.000188   0.999424   0.000388
  0.000100   0.999570   0.000330
  0.000054   0.999578   0.000368
  0.000029   0.999397   0.000574
  0.000019   0.998068   0.001913
  0.000018   0.991813   0.008169
  0.000020   0.991811   0.008169
  0.000025   0.997051   0.002924
  0.000038   0.998490   0.001472
  0.000060   0.999033   0.000907
  0.000098   0.999181   0.000721
  0.000161   0.999037   0.000802
  0.000275   0.998604   0.001121
  0.000470   0.997742   0.001788
  0.000871   0.995802   0.003327
  0.000727   0.995996   0.003277
  0.000350   0.997110   0.002540
  0.000152   0.998237   0.001611
  0.000058   0.999217   0.000725
  0.000025   0.999557   0.000418
  0.000019   0.999650   0.000331
  0.000021   0.999562   0.000416
  0.000038   0.999221   0.000742
  0.000075   0.998389   0.001536
  0.000112   0.997656   0.002232
  0.000127   0.997808   0.002065
  0.000103   0.998779   0.001118
  0.000071   0.999114   0.000815
  0.000039   0.999562   0.000398
  0.000029   0.999760   0.000210
  0.000023   0.999847   0.000130
  0.000020   0.999856   0.000125
  0.000018   0.999862   0.000120
  0.000017   0.999896   0.000087
  0.000017   0.999914   0.000069
  0.000017   0.999925   0.000057
  0.000020   0.999931   0.000048
  0.000031   0.999923   0.000045
  0.000061   0.999886   0.000053
  0.000150   0.999776   0.000074
  0.000335   0.999572   0.000093
  0.000538   0.999324   0.000139
  0.000419   0.999453   0.000129
  0.000224   0.999667   0.000108
  0.000146   0.999742   0.000111
  0.000124   0.999757   0.000119
  0.000109   0.999778   0.000113
  0.000098   0.999804   0.000097
  0.000083   0.999843   0.000075
  0.000081   0.999858   0.000061
  0.000091   0.999851   0.000057
  0.000171   0.999757   0.000072
  0.000336   0.999570   0.000094
  0.000697   0.999171   0.000132
  0.000752   0.999096   0.000152
  0.000447   0.999428   0.000125
  0.000266   0.999605   0.000129
  0.000193   0.999714   0.000093
  0.000160   0.999781   0.000060
  0.000118   0.999835   0.000047
  0.000085   0.999881   0.000033
  0.000054   0.999917   0.000028
  0.000044   0.999925   0.000031
  0.000043   0.999914   0.000043
  0.000052   0.999881   0.000067
  0.000090   0.999791   0.000119
  0.000191   0.999596   0.000214
  0.000473   0.999120   0.000407
  0.000551   0.999105   0.000343
  0.000332   0.999490   0.000178
  0.000143   0.999784   0.000072
  0.000079   0.999886   0.000035
  0.000064   0.999910   0.000026
  0.000063   0.999904   0.000033
  0.000095   0.999802   0.000104
  0.000172   0.999308   0.000521
  0.000206   0.998936   0.000859
  0.000142   0.999527   0.000331
  0.000076   0.999852   0.000072
  0.000048   0.999928   0.000024
  0.000037   0.999946   0.000017
  0.000031   0.999950   0.000019
  0.000031   0.999933   0.000036
  0.000037   0.999849   0.000114
  0.000047   0.999661   0.000292
  0.000054   0.999583   0.000362
  0.000045   0.999674   0.000281
  0.000036   0.999812   0.000152
  0.000031   0.999882   0.000087
  0.000027   0.999924   0.000049
  0.000021   0.999949   0.000030
  0.000020   0.999957   0.000023
  0.000025   0.999954   0.000022
  0.000035   0.999942   0.000023
  0.000060   0.999914   0.000026
  0.000129   0.999841   0.000030
  0.000252   0.999720   0.000028
  0.000467   0.999510   0.000023
  0.000653   0.999324   0.000022
  0.000345   0.999633   0.000022
  0.000177   0.999800   0.000022
  0.000106   0.999871   0.000023
  0.000067   0.999907   0.000026
  0.000043   0.999928   0.000028
  0.000029   0.999943   0.000028
  0.000022   0.999955   0.000023
  0.000021   0.999957   0.000022
  0.000020   0.999958   0.000022
  0.000019   0.999957   0.000023
  0.000018   0.999959   0.000023
  0.000018   0.999957   0.000024
  0.000024   0.999949   0.000027
  0.000040   0.999927   0.000033
  0.000067   0.999892   0.000041
  0.000105   0.999842   0.000052
  0.000144   0.999803   0.000053
  0.000164   0.999799   0.000037
  0.000179   0.999790   0.000031
  0.000148   0.999808   0.000044
  0.000096   0.999843   0.000062
  0.000088   0.999827   0.000084
  0.000101   0.999801   0.000098
  0.000139   0.999773   0.000088
  0.000170   0.999766   0.000064
  0.000119   0.999839   0.000042
  0.000065   0.999908   0.000026
  0.000042   0.999935   0.000023
  0.000031   0.999947   0.000023
  0.000027   0.999952   0.000021
  0.000023   0.999957   0.000020
  0.000021   0.999959   0.000020
  0.000020   0.999960   0.000020
  0.000021   0.999959   0.000021
  0.000021   0.999957   0.000022
  0.000022   0.999955   0.000023
  0.000025   0.999952   0.000023
  0.000029   0.999949   0.000023
  0.000027   0.999950   0.000023
  0.000023   0.999952   0.000025
  0.000019   0.999949   0.000032
  0.000018   0.999940   0.000042
  0.000018   0.999925   0.000057
  0.000017   0.999881   0.000102
  0.000019   0.999830   0.000151
  0.000029   0.999804   0.000167
  0.000048   0.999753   0.000198
  0.000090   0.999610   0.000300
  0.000195   0.999140   0.000664
  0.000272   0.998507   0.001222
  0.000244   0.998746   0.001010
  0.000103   0.999481   0.000416
  0.000041   0.999761   0.000198
  0.000023   0.999856   0.000121
  0.000018   0.999879   0.000103
  0.000018   0.999874   0.000108
  0.000023   0.999878   0.000100
  0.000030   0.999897   0.000074
  0.000035   0.999905   0.000060
  0.000035   0.999915   0.000050
  0.000037   0.999913   0.000050
  0.000051   0.999892   0.000057
  0.000070   0.999869   0.000061
  0.000076   0.999863   0.000061
  0.000076   0.999856   0.000068
  0.000080   0.999857   0.000063
  0.000070   0.999867   0.000063
  0.000071   0.999870   0.000059
  0.000082   0.999873   0.000045
  0.000121   0.999839   0.000041
  0.000225   0.999738   0.000036
  0.000554   0.999411   0.000035
  0.000561   0.999406   0.000033
  0.000270   0.999704   0.000026
  0.000107   0.999871   0.000022
  0.000045   0.999936   0.000020
  0.000021   0.999960   0.000019
  0.000017   0.999963   0.000020
  0.000021   0.999958   0.000021
  0.000030   0.999947   0.000023
  0.000043   0.999933   0.000024
  0.000073   0.999902   0.000025
  0.000121   0.999851   0.000028
  0.000161   0.999813   0.000026
  0.000220   0.999758   0.000022
  0.000384   0.999593   0.000023
  0.000706   0.999269   0.000025
  0.000512   0.999464   0.000024
  0.000172   0.999801   0.000027
  0.000065   0.999906   0.000029
  0.000041   0.999929   0.000030
  0.000035   0.999931   0.000033
  0.000032   0.999924   0.000045
  0.000031   0.999916   0.000054
  0.000035   0.999918   0.000047
  0.000058   0.999901   0.000042
  0.000149   0.999801   0.000050
  0.000455   0.999480   0.000065
  0.000830   0.999101   0.000069
  0.000775   0.999172   0.000054
  0.000364   0.999594   0.000042
  0.000198   0.999759   0.000042
  0.000154   0.999784   0.000062
  0.000116   0.999793   0.000091
  0.000072   0.999805   0.000123
  0.000064   0.999742   0.000194
  0.000053   0.999594   0.000353
  0.000048   0.999531   0.000421
  0.000041   0.999566   0.000393
  0.000035   0.999633   0.000332
  0.000036   0.999777   0.000187
  0.000036   0.999893   0.000071
  0.000036   0.999928   0.000037
  0.000032   0.999941   0.000026
  0.000028   0.999943   0.000030
  0.000023   0.999919   0.000057
  0.000024   0.999855   0.000121
  0.000026   0.999578   0.000396
  0.000026   0.999187   0.000787
  0.000026   0.999003   0.000971
  0.000027   0.999526   0.000446
  0.000023   0.999782   0.000194
  0.000021   0.999883   0.000096
  0.000019   0.999931   0.000050
  0.000020   0.999941   0.000039
  0.000032   0.999931   0.000037
  0.000093   0.999847   0.000060
  0.000916   0.998889   0.000195
  0.005835   0.993719   0.000446
  0.000609   0.999282   0.000108
  0.000053   0.999914   0.000034
  0.000020   0.999945   0.000035
  0.000022   0.999873   0.000105
  0.000039   0.999650   0.000311
  0.000073   0.999325   0.000602
  0.000126   0.999340   0.000534
  0.000221   0.999539   0.000240
  0.000413   0.999477   0.000110
  0.000436   0.999498   0.000065
  0.000382   0.999584   0.000034
  0.000464   0.999514   0.000022
  0.000452   0.999527   0.000021
  0.000396   0.999584   0.000020
  0.000350   0.999627   0.000022
  0.000315   0.999650   0.000036
  0.000313   0.999621   0.000066
  0.000423   0.999414   0.000163
  0.000471   0.999174   0.000355
  0.000336   0.999291   0.000373
  0.000184   0.999592   0.000224
  0.000112   0.999766   0.000122
  0.000077   0.999841   0.000082
  0.000060   0.999880   0.000060
  0.000054   0.999904   0.000041
  0.000075   0.999895   0.000030
  0.000205   0.999765   0.000029
  0.000760   0.999212   0.000028
  0.001966   0.998010   0.000024
  0.001716   0.998265   0.000019
  0.000680   0.999302   0.000018
  0.000326   0.999657   0.000017
  0.000177   0.999806   0.000017
  0.000096   0.999886   0.000018
  0.000054   0.999925   0.000021
  0.000034   0.999936   0.000030
  0.000023   0.999923   0.000054
  0.000018   0.999865   0.000116
  0.000022   0.999691   0.000287
  0.000041   0.999138   0.000821
  0.000119   0.998027   0.001855
  0.000393   0.996457   0.003149
  0.000894   0.996603   0.002503
  0.001172   0.997966   0.000862
  0.000883   0.998805   0.000312
  0.000716   0.999175   0.000109
  0.000671   0.999264   0.000064
  0.000765   0.999169   0.000066
  0.001052   0.998833   0.000115
  0.001190   0.998607   0.000203
  0.001246   0.998346   0.000408
  0.002207   0.996849   0.000944
  0.005122   0.992066   0.002812
  0.005396   0.990320   0.004284
  0.003690   0.991388   0.004922
  0.001764   0.993079   0.005156
  0.000641   0.995223   0.004136
  0.000326   0.995835   0.003839
  0.000254   0.995571   0.004175
  0.000316   0.994567   0.005117
  0.000635   0.993427   0.005937
  0.002255   0.989336   0.008409
  0.010827   0.974165   0.015008
  0.011325   0.981251   0.007424
  0.006927   0.988561   0.004512
  0.009069   0.981894   0.009036
  0.018422   0.960736   0.020842
  0.013399   0.977327   0.009274
  0.023277   0.964418   0.012305
  0.022625   0.935605   0.041769
  0.007683   0.961686   0.030631
  0.010376   0.961368   0.028256
  0.030486   0.941013   0.028500
  0.017285   0.966265   0.016450
  0.010247   0.950684   0.039069
  0.004751   0.964298   0.030951
  0.002970   0.984127   0.012903
  0.007912   0.971645   0.020442
  0.018101   0.967418   0.014481
  0.008628   0.987720   0.003653
  0.008537   0.987748   0.003715
  0.011358   0.977957   0.010685
  0.005681   0.973336   0.020983
  0.001445   0.986698   0.011857
  0.000620   0.981420   0.017961
  0.000306   0.980152   0.019543
  0.000193   0.984374   0.015433
  0.000160   0.974582   0.025258
  0.000116   0.983190   0.016694
  0.000068   0.994224   0.005708
  0.000045   0.996369   0.003586
  0.000033   0.995245   0.004721
  0.000029   0.989826   0.010145
  0.000039   0.981019   0.018942
  0.000055   0.986400   0.013545
  0.000086   0.990073   0.009841
  0.000148   0.989977   0.009875
  0.000222   0.980833   0.018945
  0.000304   0.970995   0.028701
  0.000222   0.975446   0.024332
  0.000115   0.986235   0.013649
  0.000083   0.989153   0.010764
  0.000087   0.977536   0.022377
  0.000082   0.966138   0.033780
  0.000046   0.983452   0.016502
  0.000027   0.984888   0.015084
  0.000020   0.984821   0.015158
  0.000019   0.987445   0.012536
  0.000020   0.983518   0.016461
  0.000022   0.971290   0.028688
  0.000023   0.980418   0.019559
  0.000024   0.979015   0.020961
  0.000029   0.974173   0.025798
  0.000040   0.985056   0.014904
  0.000065   0.989986   0.009949
  0.000102   0.989559   0.010339
  0.000193   0.986384   0.013423
  0.000484   0.992562   0.006954
  0.001640   0.994746   0.003614
  0.004983   0.992551   0.002466
  0.002717   0.995981   0.001302
  0.000515   0.998966   0.000519
  0.000138   0.999553   0.000309
  0.000049   0.999702   0.000249
  0.000024   0.999746   0.000230
  0.000018   0.999783   0.000198
  0.000018   0.999777   0.000205
  0.000018   0.999811   0.000172
  0.000018   0.999848   0.000134
  0.000019   0.999863   0.000118
  0.000021   0.999865   0.000114
  0.000021   0.999849   0.000129
  0.000023   0.999857   0.000120
  0.000029   0.999815   0.000156
  0.000043   0.999779   0.000177
  0.000070   0.999745   0.000185
  0.000108   0.999679   0.000213
  0.000146   0.999672   0.000182
  0.000235   0.999507   0.000258
  0.000348   0.999058   0.000593
  0.000312   0.998959   0.000729
  0.000201   0.999300   0.000499
  0.000124   0.999640   0.000237
  0.000082   0.999816   0.000103
  0.000071   0.999854   0.000076
  0.000067   0.999831   0.000102
  0.000078   0.999733   0.000189
  0.000095   0.999504   0.000401
  0.000121   0.999259   0.000621
  0.000101   0.999614   0.000284
  0.000071   0.999843   0.000086
  0.000066   0.999872   0.000062
  0.000074   0.999855   0.000071
  0.000096   0.999824   0.000080
  0.000135   0.999775   0.000091
  0.000193   0.999689   0.000118
  0.000318   0.999537   0.000145
  0.000395   0.999368   0.000237
  0.000370   0.999288   0.000342
  0.000398   0.999107   0.000495
  0.000499   0.998955   0.000546
  0.000349   0.999343   0.000308
  0.000124   0.999781   0.000095
  0.000051   0.999915   0.000035
  0.000036   0.999946   0.000019
  0.000035   0.999946   0.000018
  0.000045   0.999927   0.000027
  0.000080   0.999866   0.000054
  0.000206   0.999660   0.000134
  0.000432   0.999349   0.000219
  0.000590   0.999252   0.000158
  0.000343   0.999588   0.000068
  0.000156   0.999802   0.000042
  0.000084   0.999884   0.000032
  0.000052   0.999920   0.000028
  0.000040   0.999931   0.000028
  0.000040   0.999928   0.000032
  0.000055   0.999902   0.000043
  0.000055   0.999901   0.000044
  0.000036   0.999934   0.000030
  0.000024   0.999954   0.000022
  0.000019   0.999963   0.000018
  0.000017   0.999964   0.000019
  0.000017   0.999963   0.000020
  0.000020   0.999959   0.000020
  0.000023   0.999955   0.000022
  0.000027   0.999949   0.000024
  0.000035   0.999939   0.000026
  0.000039   0.999933   0.000028
  0.000044   0.999924   0.000032
  0.000046   0.999918   0.000036
  0.000056   0.999896   0.000047
  0.000048   0.999904   0.000049
  0.000048   0.999893   0.000059
  0.000049   0.999875   0.000076
  0.000048   0.999843   0.000109
  0.000035   0.999840   0.000125
  0.000028   0.999846   0.000126
  0.000031   0.999860   0.000108
  0.000063   0.999826   0.000111
  0.000233   0.999570   0.000197
  0.000829   0.998824   0.000347
  0.001048   0.998699   0.000253
  0.000305   0.999630   0.000065
  0.000096   0.999882   0.000022
  0.000041   0.999939   0.000021
  0.000030   0.999940   0.000029
  0.000029   0.999929   0.000041
  0.000030   0.999915   0.000055
  0.000032   0.999914   0.000054
  0.000038   0.999918   0.000044
  0.000057   0.999904   0.000039
  0.000078   0.999885   0.000036
  0.000105   0.999861   0.000034
  0.000133   0.999834   0.000034
  0.000192   0.999761   0.000047
  0.000302   0.999622   0.000076
  0.000363   0.999531   0.000106
  0.000486   0.999387   0.000127
  0.000509   0.999389   0.000102
  0.000510   0.999402   0.000088
  0.000287   0.999655   0.000059
  0.000162   0.999787   0.000051
  0.000112   0.999828   0.000060
  0.000067   0.999878   0.000055
  0.000033   0.999934   0.000032
  0.000023   0.999954   0.000024
  0.000022   0.999958   0.000019
  0.000035   0.999946   0.000019
  0.000090   0.999887   0.000023
  0.000293   0.999676   0.000031
  0.000641   0.999310   0.000049
  0.000497   0.999412   0.000091
  0.000245   0.999513   0.000242
  0.000115   0.999394   0.000491
  0.000072   0.999340   0.000588
  0.000056   0.999604   0.000339
  0.000049   0.999843   0.000108
  0.000074   0.999881   0.000045
  0.000199   0.999770   0.000031
  0.000492   0.999474   0.000034
  0.000559   0.999390   0.000051
  0.000417   0.999473   0.000110
  0.000240   0.999581   0.000179
  0.000138   0.999615   0.000247
  0.000090   0.999460   0.000450
  0.000068   0.999171   0.000761
  0.000053   0.999445   0.000503
  0.000039   0.999698   0.000263
  0.000026   0.999789   0.000185
  0.000020   0.999824   0.000156
  0.000017   0.999856   0.000126
  0.000019   0.999872   0.000109
  0.000029   0.999861   0.000110
  0.000048   0.999817   0.000135
  0.000086   0.999785   0.000129
  0.000142   0.999740   0.000118
  0.000131   0.999792   0.000076
  0.000079   0.999876   0.000045
  0.000051   0.999921   0.000028
  0.000036   0.999942   0.000022
  0.000027   0.999954   0.000019
  0.000021   0.999962   0.000017
  0.000018   0.999964   0.000017
  0.000019   0.999961   0.000020
  0.000022   0.999955   0.000023
  0.000027   0.999942   0.000031
  0.000028   0.999929   0.000043
  0.000029   0.999904   0.000067
  0.000026   0.999867   0.000107
  0.000022   0.999835   0.000143
  0.000020   0.999865   0.000115
  0.000020   0.999895   0.000085
  0.000024   0.999891   0.000085
  0.000037   0.999838   0.000125
  0.000079   0.999749   0.000171
  0.000217   0.999532   0.000251
  0.000393   0.999184   0.000423
  0.000361   0.998961   0.000678
  0.000188   0.999361   0.000451
  0.000120   0.999625   0.000255
  0.000091   0.999827   0.000082
  0.000062   0.999908   0.000030
  0.000032   0.999950   0.000018
  0.000023   0.999960   0.000017
  0.000019   0.999957   0.000023
  0.000019   0.999944   0.000037
  0.000024   0.999920   0.000055
  0.000035   0.999894   0.000072
  0.000053   0.999864   0.000083
  0.000087   0.999827   0.000085
  0.000161   0.999742   0.000098
  0.000234   0.999675   0.000091
  0.000256   0.999666   0.000078
  0.000214   0.999719   0.000067
  0.000202   0.999713   0.000085
  0.000136   0.999788   0.000076
  0.000088   0.999849   0.000063
  0.000051   0.999900   0.000049
  0.000033   0.999929   0.000038
  0.000023   0.999944   0.000033
  0.000020   0.999943   0.000037
  0.000019   0.999927   0.000054
  0.000018   0.999852   0.000131
  0.000017   0.999306   0.000677
  0.000019   0.997926   0.002054
  0.000027   0.998573   0.001399
  0.000039   0.999704   0.000257
  0.000065   0.999886   0.000049
  0.000151   0.999827   0.000022
  0.000459   0.999521   0.000020
  0.000874   0.999093   0.000033
  0.000783   0.999162   0.000055
  0.000362   0.999579   0.000060
  0.000137   0.999799   0.000064
  0.000067   0.999878   0.000056
  0.000036   0.999902   0.000062
  0.000024   0.999897   0.000079
  0.000023   0.999884   0.000094
  0.000025   0.999890   0.000086
  0.000028   0.999899   0.000073
  0.000037   0.999895   0.000068
  0.000042   0.999907   0.000051
  0.000033   0.999936   0.000031
  0.000025   0.999952   0.000023
  0.000020   0.999962   0.000018
  0.000021   0.999960   0.000019
  0.000033   0.999937   0.000030
  0.000057   0.999880   0.000063
  0.000097   0.999782   0.000121
  0.000142   0.999681   0.000178
  0.000170   0.999659   0.000171
  0.000158   0.999723   0.000119
  0.000099   0.999845   0.000056
  0.000041   0.999932   0.000027
  0.000024   0.999956   0.000020
  0.000021   0.999957   0.000022
  0.000019   0.999956   0.000025
  0.000019   0.999958   0.000023
  0.000022   0.999956   0.000021
  0.000025   0.999953   0.000021
  0.000025   0.999951   0.000024
  0.000024   0.999939   0.000037
  0.000021   0.999881   0.000098
  0.000018   0.999568   0.000413
  0.000021   0.997944   0.002035
  0.000031   0.988034   0.011935
  0.000040   0.991809   0.008152
  0.000058   0.998510   0.001431
  0.000139   0.999593   0.000267
  0.000537   0.999379   0.000085
  0.001826   0.998124   0.000050
  0.001413   0.998547   0.000039
  0.000472   0.999475   0.000053
  0.000261   0.999612   0.000127
  0.000279   0.999070   0.000651
  0.000435   0.995284   0.004281
  0.000571   0.987134   0.012295
  0.000474   0.995713   0.003813
  0.000430   0.998784   0.000786
  0.000437   0.999284   0.000279
  0.000434   0.999468   0.000098
  0.000387   0.999565   0.000048
  0.000424   0.999546   0.000030
  0.000509   0.999454   0.000037
