  0.962409   0.026972   0.010619
  0.965185   0.017467   0.017348
  0.983305   0.006333   0.010362
  0.962120   0.017341   0.020540
  0.969696   0.024288   0.006016
  0.990896   0.008250   0.000854
  0.990228   0.009403   0.000369
  0.988927   0.010881   0.000192
  0.993276   0.006629   0.000095
  0.993594   0.006345   0.000061
  0.989150   0.010795   0.000056
  0.994305   0.005655   0.000040
  0.997121   0.002838   0.000041
  0.997334   0.002603   0.000063
  0.997463   0.002403   0.000134
  0.998272   0.001481   0.000247
  0.998262   0.001342   0.000396
  0.997371   0.001934   0.000694
  0.995781   0.002655   0.001564
  0.993578   0.001926   0.004496
  0.991329   0.000609   0.008061
  0.994893   0.000115   0.004992
  0.998324   0.000040   0.001637
  0.999618   0.000029   0.000354
  0.999813   0.000057   0.000130
  0.999414   0.000442   0.000143
  0.993149   0.006564   0.000287
  0.998113   0.001762   0.000125
  0.999696   0.000238   0.000066
  0.999865   0.000055   0.000080
  0.999870   0.000020   0.000110
  0.999789   0.000018   0.000193
  0.999653   0.000031   0.000316
  0.999345   0.000069   0.000585
  0.998872   0.000153   0.000975
  0.997293   0.000403   0.002303
  0.994278   0.000970   0.004752
  0.991072   0.001855   0.007073
  0.990943   0.003281   0.005776
  0.994798   0.002913   0.002289
  0.997216   0.001576   0.001208
  0.997679   0.001322   0.000999
  0.996772   0.002181   0.001047
  0.992968   0.005261   0.001770
  0.986833   0.008971   0.004196
  0.989444   0.003734   0.006821
  0.990523   0.000835   0.008642
  0.989004   0.000248   0.010748
  0.975996   0.000116   0.023888
  0.992583   0.000038   0.007379
  0.994234   0.000026   0.005740
  0.992306   0.000029   0.007666
  0.975478   0.000064   0.024458
  0.989695   0.000098   0.010207
  0.995893   0.000182   0.003925
  0.988528   0.000697   0.010775
  0.975452   0.002011   0.022537
  0.996794   0.000572   0.002634
  0.999414   0.000208   0.000378
  0.999833   0.000080   0.000087
  0.999900   0.000060   0.000040
  0.999897   0.000074   0.000029
  0.999811   0.000157   0.000033
  0.999762   0.000204   0.000034
  0.999686   0.000275   0.000039
  0.999545   0.000390   0.000065
  0.999365   0.000493   0.000142
  0.998987   0.000713   0.000300
  0.998663   0.000819   0.000518
  0.998881   0.000552   0.000567
  0.999079   0.000432   0.000488
  0.999154   0.000416   0.000429
  0.999473   0.000269   0.000258
  0.999710   0.000152   0.000138
  0.999842   0.000091   0.000067
  0.999885   0.000078   0.000037
  0.999875   0.000098   0.000027
  0.999826   0.000145   0.000029
  0.999621   0.000321   0.000058
  0.998924   0.000846   0.000230
  0.997306   0.001253   0.001441
  0.993376   0.000797   0.005827
  0.998032   0.000189   0.001780
  0.999527   0.000061   0.000412
  0.999815   0.000034   0.000150
  0.999919   0.000027   0.000054
  0.999945   0.000030   0.000025
  0.999921   0.000062   0.000017
  0.999746   0.000235   0.000019
  0.998620   0.001348   0.000031
  0.997480   0.002452   0.000068
  0.999321   0.000551   0.000128
  0.999738   0.000102   0.000160
  0.999762   0.000028   0.000210
  0.999826   0.000018   0.000156
  0.999872   0.000020   0.000109
  0.999884   0.000033   0.000084
  0.999817   0.000106   0.000078
  0.999444   0.000489   0.000066
  0.998870   0.001082   0.000049
  0.999263   0.000706   0.000032
  0.999667   0.000308   0.000025
  0.999844   0.000136   0.000020
  0.999904   0.000078   0.000018
  0.999927   0.000055   0.000018
  0.999939   0.000042   0.000019
  0.999943   0.000036   0.000021
  0.999932   0.000041   0.000027
  0.999915   0.000050   0.000036
  0.999890   0.000063   0.000047
  0.999842   0.000091   0.000067
  0.999667   0.000195   0.000138
  0.999135   0.000520   0.000346
  0.998740   0.000776   0.000484
  0.998763   0.000829   0.000408
  0.999201   0.000548   0.000251
  0.999475   0.000330   0.000196
  0.999642   0.000163   0.000196
  0.999701   0.000081   0.000219
  0.999603   0.000045   0.000352
  0.999081   0.000030   0.000888
  0.998211   0.000022   0.001768
  0.998872   0.000017   0.001111
  0.999589   0.000020   0.000391
  0.999808   0.000028   0.000164
  0.999821   0.000047   0.000132
  0.999738   0.000096   0.000166
  0.999667   0.000150   0.000183
  0.999611   0.000197   0.000193
  0.999688   0.000160   0.000151
  0.999703   0.000164   0.000133
  0.999753   0.000138   0.000109
  0.999821   0.000097   0.000082
  0.999884   0.000062   0.000054
  0.999923   0.000039   0.000038
  0.999953   0.000023   0.000024
  0.999962   0.000019   0.000019
  0.999962   0.000020   0.000018
  0.999950   0.000032   0.000018
  0.999926   0.000055   0.000019
  0.999884   0.000094   0.000023
  0.999805   0.000165   0.000030
  0.999612   0.000347   0.000041
  0.999534   0.000420   0.000046
  0.999583   0.000379   0.000038
  0.999754   0.000220   0.000026
  0.999845   0.000134   0.000022
  0.999895   0.000078   0.000027
  0.999879   0.000066   0.000056
  0.999713   0.000093   0.000194
  0.999109   0.000190   0.000701
  0.998404   0.000251   0.001345
  0.999046   0.000212   0.000742
  0.999672   0.000103   0.000224
  0.999898   0.000043   0.000059
  0.999955   0.000022   0.000023
  0.999963   0.000019   0.000018
  0.999941   0.000028   0.000031
  0.999862   0.000062   0.000076
  0.999609   0.000165   0.000226
  0.999153   0.000415   0.000433
  0.999186   0.000476   0.000337
  0.999595   0.000272   0.000133
  0.999828   0.000119   0.000053
  0.999919   0.000052   0.000030
  0.999946   0.000027   0.000028
  0.999947   0.000019   0.000034
  0.999933   0.000017   0.000050
  0.999903   0.000017   0.000079
  0.999840   0.000020   0.000141
  0.999729   0.000024   0.000247
  0.999549   0.000031   0.000420
  0.999329   0.000036   0.000634
  0.999090   0.000041   0.000869
  0.999479   0.000051   0.000470
  0.999790   0.000069   0.000141
  0.999859   0.000090   0.000051
  0.999872   0.000099   0.000029
  0.999894   0.000081   0.000024
  0.999913   0.000064   0.000023
  0.999924   0.000056   0.000021
  0.999938   0.000043   0.000020
  0.999951   0.000031   0.000018
  0.999961   0.000022   0.000017
  0.999963   0.000019   0.000018
  0.999962   0.000019   0.000019
  0.999959   0.000020   0.000021
  0.999954   0.000023   0.000023
  0.999936   0.000032   0.000032
  0.999903   0.000044   0.000052
  0.999853   0.000059   0.000088
  0.999736   0.000078   0.000185
  0.999146   0.000113   0.000741
  0.998107   0.000116   0.001777
  0.999077   0.000055   0.000868
  0.999736   0.000027   0.000236
  0.999864   0.000021   0.000115
  0.999899   0.000023   0.000078
  0.999910   0.000037   0.000053
  0.999904   0.000063   0.000033
  0.999853   0.000119   0.000028
  0.999811   0.000166   0.000024
  0.999739   0.000238   0.000023
  0.999643   0.000330   0.000027
  0.999329   0.000625   0.000046
  0.998673   0.001239   0.000088
  0.998059   0.001782   0.000159
  0.998557   0.001215   0.000228
  0.998982   0.000777   0.000242
  0.999437   0.000420   0.000143
  0.999604   0.000315   0.000081
  0.999715   0.000237   0.000048
  0.999747   0.000216   0.000038
  0.999809   0.000156   0.000035
  0.999879   0.000086   0.000035
  0.999923   0.000046   0.000030
  0.999938   0.000034   0.000027
  0.999948   0.000028   0.000024
  0.999955   0.000023   0.000022
  0.999958   0.000021   0.000021
  0.999957   0.000023   0.000021
  0.999948   0.000029   0.000024
  0.999925   0.000043   0.000032
  0.999879   0.000065   0.000057
  0.999827   0.000071   0.000102
  0.999761   0.000076   0.000163
  0.999687   0.000074   0.000240
  0.999653   0.000068   0.000280
  0.999700   0.000069   0.000232
  0.999779   0.000071   0.000150
  0.999835   0.000087   0.000078
  0.999834   0.000112   0.000054
  0.999846   0.000116   0.000038
  0.999865   0.000103   0.000032
  0.999881   0.000091   0.000028
  0.999849   0.000124   0.000027
  0.999810   0.000163   0.000028
  0.999756   0.000212   0.000032
  0.999644   0.000317   0.000039
  0.999606   0.000352   0.000042
  0.999588   0.000367   0.000045
  0.999673   0.000285   0.000042
  0.999748   0.000211   0.000041
  0.999863   0.000097   0.000040
  0.999921   0.000038   0.000041
  0.999924   0.000026   0.000049
  0.999915   0.000032   0.000053
  0.999881   0.000064   0.000054
  0.999807   0.000141   0.000053
  0.999662   0.000280   0.000058
  0.999008   0.000914   0.000078
  0.998592   0.001341   0.000067
  0.999663   0.000294   0.000042
  0.999908   0.000063   0.000029
  0.999951   0.000024   0.000025
  0.999945   0.000023   0.000032
  0.999836   0.000091   0.000073
  0.998639   0.001150   0.000211
  0.998514   0.001352   0.000134
  0.999785   0.000179   0.000037
  0.999946   0.000036   0.000018
  0.999946   0.000027   0.000028
  0.999841   0.000074   0.000085
  0.999213   0.000515   0.000272
  0.997326   0.002371   0.000303
  0.999337   0.000606   0.000057
  0.999764   0.000212   0.000024
  0.999875   0.000102   0.000023
  0.999893   0.000076   0.000031
  0.999855   0.000069   0.000076
  0.999657   0.000096   0.000247
  0.998739   0.000186   0.001075
  0.996338   0.000301   0.003361
  0.998999   0.000122   0.000879
  0.999776   0.000049   0.000175
  0.999922   0.000026   0.000052
  0.999959   0.000018   0.000023
  0.999954   0.000021   0.000025
  0.999872   0.000058   0.000070
  0.999429   0.000268   0.000303
  0.997880   0.001049   0.001071
  0.997107   0.001516   0.001377
  0.999084   0.000525   0.000391
  0.999604   0.000232   0.000164
  0.999722   0.000199   0.000080
  0.999741   0.000221   0.000038
  0.999431   0.000539   0.000030
  0.998698   0.001265   0.000037
  0.999016   0.000933   0.000050
  0.999316   0.000597   0.000087
  0.999424   0.000426   0.000150
  0.999366   0.000387   0.000247
  0.999478   0.000276   0.000246
  0.999739   0.000131   0.000130
  0.999877   0.000058   0.000065
  0.999930   0.000034   0.000037
  0.999953   0.000024   0.000024
  0.999963   0.000018   0.000019
  0.999959   0.000018   0.000023
  0.999935   0.000021   0.000043
  0.999865   0.000033   0.000102
  0.999622   0.000076   0.000302
  0.998956   0.000144   0.000900
  0.998004   0.000195   0.001801
  0.998767   0.000127   0.001106
  0.999390   0.000058   0.000552
  0.999679   0.000029   0.000292
  0.999749   0.000020   0.000231
  0.999759   0.000021   0.000220
  0.999729   0.000029   0.000242
  0.999734   0.000055   0.000212
  0.999671   0.000100   0.000229
  0.999642   0.000143   0.000215
  0.999643   0.000176   0.000181
  0.999570   0.000231   0.000199
  0.999461   0.000305   0.000234
  0.999297   0.000352   0.000352
  0.999431   0.000204   0.000366
  0.999499   0.000126   0.000375
  0.999623   0.000081   0.000296
  0.999754   0.000047   0.000199
  0.999795   0.000040   0.000165
  0.999773   0.000048   0.000178
  0.999808   0.000061   0.000131
  0.999800   0.000094   0.000106
  0.999704   0.000157   0.000139
  0.999427   0.000295   0.000279
  0.999259   0.000277   0.000464
  0.998425   0.000255   0.001320
  0.994982   0.000288   0.004730
  0.992575   0.000159   0.007267
  0.996001   0.000072   0.003928
  0.998132   0.000050   0.001818
  0.998816   0.000044   0.001141
  0.999069   0.000057   0.000874
  0.999086   0.000110   0.000803
  0.998759   0.000177   0.001064
  0.998015   0.000284   0.001701
  0.998001   0.000345   0.001654
  0.998500   0.000216   0.001284
  0.999091   0.000084   0.000825
  0.999144   0.000044   0.000812
  0.998614   0.000028   0.001358
  0.996724   0.000023   0.003252
  0.988101   0.000025   0.011874
  0.990584   0.000029   0.009387
  0.997896   0.000029   0.002075
  0.999267   0.000026   0.000707
  0.999717   0.000022   0.000261
  0.999839   0.000024   0.000138
  0.999849   0.000032   0.000119
  0.999846   0.000054   0.000100
  0.999768   0.000126   0.000106
  0.999503   0.000377   0.000120
  0.998917   0.000953   0.000130
  0.998213   0.001623   0.000164
  0.998752   0.001092   0.000156
  0.999550   0.000365   0.000085
  0.999763   0.000181   0.000056
  0.999841   0.000118   0.000042
  0.999863   0.000097   0.000040
  0.999871   0.000088   0.000041
  0.999881   0.000077   0.000043
  0.999918   0.000050   0.000032
  0.999943   0.000034   0.000023
  0.999955   0.000026   0.000019
  0.999955   0.000027   0.000017
  0.999946   0.000035   0.000018
  0.999927   0.000053   0.000020
  0.999896   0.000082   0.000022
  0.999845   0.000132   0.000023
  0.999809   0.000166   0.000025
  0.999826   0.000144   0.000030
  0.999807   0.000151   0.000043
  0.999754   0.000195   0.000051
  0.999722   0.000215   0.000063
  0.999667   0.000248   0.000084
  0.999205   0.000611   0.000184
  0.998106   0.001473   0.000420
  0.997785   0.001633   0.000581
  0.998710   0.000832   0.000458
  0.999171   0.000484   0.000345
  0.999392   0.000309   0.000299
  0.999300   0.000303   0.000397
  0.999034   0.000325   0.000642
  0.998024   0.000555   0.001421
  0.996793   0.000841   0.002366
  0.996519   0.000608   0.002873
  0.995114   0.000523   0.004363
  0.994638   0.000432   0.004930
  0.992326   0.000393   0.007282
  0.991122   0.000380   0.008498
  0.995924   0.000343   0.003733
  0.997462   0.000437   0.002101
  0.996897   0.000669   0.002434
  0.996804   0.000732   0.002464
  0.996574   0.000950   0.002476
  0.997404   0.001033   0.001563
  0.998428   0.000957   0.000615
  0.999336   0.000464   0.000200
  0.999694   0.000234   0.000072
  0.999836   0.000133   0.000031
  0.999878   0.000103   0.000019
  0.999862   0.000121   0.000017
  0.999794   0.000187   0.000019
  0.999703   0.000273   0.000025
  0.999571   0.000397   0.000031
  0.999399   0.000565   0.000036
  0.998799   0.001159   0.000042
  0.997249   0.002702   0.000049
  0.992253   0.007678   0.000069
  0.995133   0.004805   0.000063
  0.998758   0.001202   0.000040
  0.999524   0.000446   0.000031
  0.999775   0.000202   0.000023
  0.999858   0.000118   0.000023
  0.999890   0.000085   0.000025
  0.999878   0.000091   0.000032
  0.999834   0.000130   0.000036
  0.999792   0.000167   0.000041
  0.999778   0.000172   0.000050
  0.999734   0.000193   0.000073
  0.999624   0.000264   0.000112
  0.999488   0.000353   0.000159
  0.999306   0.000472   0.000222
  0.999063   0.000607   0.000330
  0.999088   0.000569   0.000342
  0.998971   0.000673   0.000356
  0.999245   0.000520   0.000235
  0.999520   0.000323   0.000157
  0.999607   0.000262   0.000131
  0.999662   0.000219   0.000119
  0.999765   0.000140   0.000095
  0.999846   0.000081   0.000072
  0.999837   0.000079   0.000085
  0.999861   0.000063   0.000076
  0.999895   0.000048   0.000058
  0.999916   0.000038   0.000046
  0.999906   0.000039   0.000054
  0.999850   0.000052   0.000097
  0.999752   0.000081   0.000167
  0.999561   0.000119   0.000320
  0.999278   0.000207   0.000515
  0.998528   0.000644   0.000829
  0.995763   0.003019   0.001218
  0.994059   0.005118   0.000823
  0.996696   0.003035   0.000269
  0.998878   0.001031   0.000091
  0.999582   0.000365   0.000053
  0.999841   0.000117   0.000042
  0.999906   0.000058   0.000037
  0.999935   0.000037   0.000028
  0.999954   0.000026   0.000021
  0.999960   0.000021   0.000019
  0.999962   0.000018   0.000020
  0.999958   0.000018   0.000024
  0.999952   0.000021   0.000028
  0.999940   0.000025   0.000034
  0.999922   0.000032   0.000047
  0.999909   0.000033   0.000058
  0.999865   0.000043   0.000093
  0.999793   0.000057   0.000149
  0.999797   0.000054   0.000149
  0.999801   0.000045   0.000154
  0.999847   0.000032   0.000121
  0.999854   0.000026   0.000120
  0.999840   0.000022   0.000138
  0.999813   0.000019   0.000169
  0.999632   0.000020   0.000349
  0.998804   0.000029   0.001167
  0.997263   0.000053   0.002684
  0.999143   0.000055   0.000802
  0.999810   0.000043   0.000147
  0.999904   0.000038   0.000059
  0.999919   0.000041   0.000041
  0.999892   0.000053   0.000056
  0.999810   0.000071   0.000118
  0.999374   0.000138   0.000487
  0.998610   0.000167   0.001224
  0.998726   0.000119   0.001155
  0.999285   0.000073   0.000643
  0.999703   0.000074   0.000223
  0.999777   0.000135   0.000088
  0.999701   0.000257   0.000042
  0.999553   0.000416   0.000031
  0.999515   0.000460   0.000025
  0.999597   0.000384   0.000019
  0.999709   0.000274   0.000017
  0.999833   0.000149   0.000019
  0.999915   0.000064   0.000020
  0.999942   0.000035   0.000023
  0.999950   0.000025   0.000025
  0.999949   0.000023   0.000028
  0.999942   0.000024   0.000034
  0.999911   0.000027   0.000062
  0.999849   0.000031   0.000120
  0.999783   0.000032   0.000185
  0.999752   0.000028   0.000219
  0.999687   0.000024   0.000289
  0.999631   0.000022   0.000347
  0.999566   0.000021   0.000413
  0.999612   0.000022   0.000366
  0.999659   0.000029   0.000312
  0.999625   0.000045   0.000330
  0.999481   0.000067   0.000453
  0.999037   0.000124   0.000838
  0.997938   0.000259   0.001802
  0.998817   0.000241   0.000942
  0.999546   0.000233   0.000221
  0.999406   0.000524   0.000070
  0.998074   0.001891   0.000035
  0.995682   0.004294   0.000024
  0.996789   0.003184   0.000027
  0.998736   0.001212   0.000052
  0.999512   0.000403   0.000085
  0.999727   0.000164   0.000110
  0.999638   0.000182   0.000180
  0.999366   0.000317   0.000316
  0.999188   0.000376   0.000436
  0.999002   0.000381   0.000617
  0.998897   0.000353   0.000751
  0.998787   0.000354   0.000859
  0.999272   0.000221   0.000506
  0.999553   0.000171   0.000276
  0.999690   0.000143   0.000167
  0.999749   0.000133   0.000119
  0.999822   0.000098   0.000080
  0.999896   0.000058   0.000046
  0.999936   0.000036   0.000028
  0.999950   0.000028   0.000022
  0.999952   0.000024   0.000023
  0.999948   0.000023   0.000029
  0.999946   0.000020   0.000034
  0.999938   0.000018   0.000044
  0.999912   0.000017   0.000071
  0.999853   0.000017   0.000130
  0.999729   0.000017   0.000254
  0.999514   0.000017   0.000469
  0.999048   0.000019   0.000934
  0.998421   0.000028   0.001551
  0.997004   0.000048   0.002947
  0.993897   0.000095   0.006009
  0.995602   0.000178   0.004220
  0.997599   0.000398   0.002002
  0.997269   0.001044   0.001688
  0.996334   0.001994   0.001672
  0.997711   0.001326   0.000963
  0.999388   0.000341   0.000271
  0.999795   0.000107   0.000098
  0.999892   0.000054   0.000054
  0.999929   0.000034   0.000036
  0.999940   0.000029   0.000031
  0.999931   0.000036   0.000034
  0.999914   0.000047   0.000039
  0.999887   0.000064   0.000050
  0.999844   0.000085   0.000070
  0.999806   0.000101   0.000093
  0.999631   0.000185   0.000184
  0.999053   0.000493   0.000454
  0.998533   0.000729   0.000737
  0.999047   0.000379   0.000574
  0.999253   0.000191   0.000556
  0.999185   0.000114   0.000701
  0.999003   0.000061   0.000936
  0.999088   0.000029   0.000882
  0.998981   0.000018   0.001000
  0.998467   0.000020   0.001514
  0.997155   0.000032   0.002813
  0.996314   0.000062   0.003624
  0.998365   0.000085   0.001550
  0.999446   0.000080   0.000474
  0.999756   0.000068   0.000177
  0.999886   0.000050   0.000065
  0.999929   0.000036   0.000036
  0.999929   0.000032   0.000039
  0.999899   0.000030   0.000072
  0.999827   0.000026   0.000147
  0.999563   0.000022   0.000415
  0.998874   0.000019   0.001107
  0.998110   0.000020   0.001870
  0.998214   0.000025   0.001761
  0.998983   0.000031   0.000986
  0.999599   0.000035   0.000366
  0.999826   0.000037   0.000137
  0.999895   0.000033   0.000073
  0.999920   0.000029   0.000051
  0.999932   0.000027   0.000041
  0.999933   0.000030   0.000036
  0.999921   0.000039   0.000040
  0.999885   0.000065   0.000050
  0.999784   0.000133   0.000083
  0.999539   0.000291   0.000170
  0.999121   0.000421   0.000458
  0.998355   0.000501   0.001144
  0.997343   0.000558   0.002099
  0.998450   0.000361   0.001189
  0.999529   0.000164   0.000306
  0.999759   0.000136   0.000105
  0.999828   0.000126   0.000046
  0.999876   0.000101   0.000023
  0.999876   0.000106   0.000018
  0.999851   0.000127   0.000023
  0.999642   0.000310   0.000048
  0.998987   0.000858   0.000154
  0.998216   0.001303   0.000481
  0.997482   0.001355   0.001163
  0.997125   0.001357   0.001518
  0.996588   0.001998   0.001414
  0.997747   0.001695   0.000558
  0.999300   0.000579   0.000121
  0.999726   0.000235   0.000039
  0.999819   0.000161   0.000020
  0.999816   0.000167   0.000017
  0.999714   0.000269   0.000017
  0.999187   0.000793   0.000020
  0.998334   0.001638   0.000028
  0.998149   0.001798   0.000053
  0.998897   0.000994   0.000109
  0.999062   0.000702   0.000236
  0.998580   0.000579   0.000841
  0.996746   0.000533   0.002721
  0.995104   0.000508   0.004388
  0.996871   0.000589   0.002540
  0.998218   0.000558   0.001224
  0.999156   0.000263   0.000581
  0.999563   0.000121   0.000316
  0.999742   0.000073   0.000185
  0.999778   0.000049   0.000172
  0.999767   0.000050   0.000183
  0.999601   0.000101   0.000299
  0.999321   0.000230   0.000449
  0.998657   0.000565   0.000779
  0.995766   0.002083   0.002151
  0.991569   0.004624   0.003807
  0.994327   0.003615   0.002058
  0.997530   0.001833   0.000637
  0.998491   0.001271   0.000238
  0.998599   0.001266   0.000135
  0.998272   0.001638   0.000091
  0.996525   0.003403   0.000072
  0.991175   0.008768   0.000057
  0.989351   0.010606   0.000043
  0.990940   0.009025   0.000035
  0.993291   0.006677   0.000032
  0.992306   0.007663   0.000031
  0.988450   0.011508   0.000042
  0.988023   0.011918   0.000059
  0.989464   0.010432   0.000103
  0.986066   0.013741   0.000193
  0.988603   0.011164   0.000232
  0.984849   0.014782   0.000369
  0.987435   0.012130   0.000435
  0.994552   0.005121   0.000326
  0.998144   0.001637   0.000219
  0.999327   0.000507   0.000166
  0.999645   0.000232   0.000123
  0.999698   0.000181   0.000122
  0.999532   0.000270   0.000198
  0.998982   0.000596   0.000422
  0.998155   0.001066   0.000779
  0.998237   0.000951   0.000812
  0.998732   0.000630   0.000638
  0.999083   0.000440   0.000477
  0.999574   0.000204   0.000222
  0.999672   0.000171   0.000157
  0.999697   0.000184   0.000119
  0.999582   0.000313   0.000104
  0.999395   0.000523   0.000082
  0.999171   0.000778   0.000051
  0.998560   0.001410   0.000031
  0.996009   0.003969   0.000022
  0.994251   0.005728   0.000021
  0.997896   0.002085   0.000019
  0.999231   0.000750   0.000019
  0.999558   0.000419   0.000023
  0.999771   0.000201   0.000029
  0.999854   0.000103   0.000043
  0.999888   0.000060   0.000052
  0.999895   0.000046   0.000059
  0.999913   0.000036   0.000051
  0.999916   0.000035   0.000049
  0.999873   0.000071   0.000056
  0.999682   0.000244   0.000074
  0.999038   0.000837   0.000125
  0.996578   0.003210   0.000212
  0.995872   0.003868   0.000261
  0.998576   0.001196   0.000227
  0.999455   0.000382   0.000163
  0.999700   0.000187   0.000113
  0.999774   0.000127   0.000099
  0.999782   0.000142   0.000076
  0.999806   0.000130   0.000064
  0.999806   0.000135   0.000059
  0.999794   0.000153   0.000053
  0.999787   0.000168   0.000045
  0.999724   0.000233   0.000043
  0.999530   0.000435   0.000036
  0.999131   0.000836   0.000033
  0.998067   0.001899   0.000034
  0.994810   0.005147   0.000043
  0.992341   0.007596   0.000063
  0.996243   0.003692   0.000065
  0.998076   0.001846   0.000078
  0.998757   0.001113   0.000130
  0.998542   0.001143   0.000316
  0.997284   0.001978   0.000738
  0.993257   0.004747   0.001996
  0.995532   0.003073   0.001395
  0.999049   0.000647   0.000305
  0.999798   0.000144   0.000058
  0.999924   0.000055   0.000020
  0.999937   0.000044   0.000019
  0.999837   0.000100   0.000063
  0.998493   0.000833   0.000674
  0.980618   0.009335   0.010047
  0.998527   0.000819   0.000654
  0.999857   0.000092   0.000051
  0.999936   0.000043   0.000021
  0.999919   0.000050   0.000032
  0.999816   0.000094   0.000089
  0.999161   0.000294   0.000545
  0.997416   0.000553   0.002030
  0.997100   0.000717   0.002184
  0.998890   0.000549   0.000562
  0.999503   0.000379   0.000118
  0.999652   0.000295   0.000053
  0.999709   0.000250   0.000041
  0.999635   0.000315   0.000050
  0.999468   0.000452   0.000080
  0.999020   0.000801   0.000180
  0.997396   0.002113   0.000491
  0.987008   0.011813   0.001178
  0.985002   0.014230   0.000768
  0.988377   0.011144   0.000479
  0.987226   0.012391   0.000383
  0.988682   0.011011   0.000307
  0.987245   0.012409   0.000346
  0.986779   0.012678   0.000543
  0.985618   0.013570   0.000812
  0.989209   0.010155   0.000636
  0.989526   0.010135   0.000339
  0.983223   0.016565   0.000212
  0.986492   0.013389   0.000119
  0.991468   0.008440   0.000092
  0.992404   0.007520   0.000076
  0.981359   0.018564   0.000077
  0.964144   0.035779   0.000077
  0.983302   0.016644   0.000054
  0.971330   0.028624   0.000046
  0.964832   0.035124   0.000044
  0.980963   0.018993   0.000045
  0.985019   0.014936   0.000045
  0.965282   0.034661   0.000057
  0.963445   0.036478   0.000077
  0.990302   0.009589   0.000109
  0.992063   0.007790   0.000147
  0.983188   0.016644   0.000168
  0.981171   0.018724   0.000104
  0.990513   0.009433   0.000054
  0.993335   0.006624   0.000041
  0.992560   0.007405   0.000035
  0.985343   0.014628   0.000029
  0.981321   0.018652   0.000028
  0.988577   0.011398   0.000025
  0.987210   0.012763   0.000026
  0.979020   0.020951   0.000029
  0.975950   0.024016   0.000034
  0.977538   0.022425   0.000038
  0.967277   0.032685   0.000038
  0.960517   0.039445   0.000038
  0.960990   0.038973   0.000036
  0.977945   0.022023   0.000032
  0.972373   0.027596   0.000031
  0.961307   0.038662   0.000031
  0.963244   0.036718   0.000038
  0.951927   0.048018   0.000055
  0.924054   0.075842   0.000104
  0.950172   0.049677   0.000151
  0.936097   0.063707   0.000196
  0.926191   0.073510   0.000300
  0.952365   0.047304   0.000331
  0.943242   0.056421   0.000337
  0.957647   0.042160   0.000193
  0.960924   0.038961   0.000115
  0.939530   0.060363   0.000107
  0.962610   0.037293   0.000097
  0.932221   0.067626   0.000153
  0.972553   0.027256   0.000191
  0.945207   0.054375   0.000418
  0.967243   0.032329   0.000428
  0.956904   0.042553   0.000543
  0.970386   0.029163   0.000451
  0.968896   0.030593   0.000511
  0.968300   0.031147   0.000553
  0.984958   0.014705   0.000337
  0.973494   0.026117   0.000389
  0.980134   0.019524   0.000342
  0.989331   0.010467   0.000202
  0.988191   0.011659   0.000150
  0.990688   0.009174   0.000138
  0.994310   0.005477   0.000212
  0.995231   0.004410   0.000359
  0.994189   0.005369   0.000442
  0.990346   0.009145   0.000509
  0.987240   0.012312   0.000448
  0.992796   0.006810   0.000394
  0.993914   0.005745   0.000340
  0.994265   0.005451   0.000284
  0.992735   0.007013   0.000253
  0.990179   0.009587   0.000234
  0.995813   0.004047   0.000140
  0.997112   0.002771   0.000116
  0.996450   0.003389   0.000161
  0.990134   0.009471   0.000396
  0.984448   0.015043   0.000509
  0.986478   0.013171   0.000352
  0.986833   0.012914   0.000254
  0.981950   0.017866   0.000184
  0.973584   0.026237   0.000179
  0.962415   0.037374   0.000211
  0.967273   0.032369   0.000357
  0.964769   0.034426   0.000806
  0.942180   0.056338   0.001482
  0.955331   0.043239   0.001430
  0.959463   0.039282   0.001255
  0.947573   0.051094   0.001333
  0.968569   0.030552   0.000879
  0.925929   0.073146   0.000925
  0.964569   0.035046   0.000385
  0.933150   0.066486   0.000364
  0.946787   0.052949   0.000265
  0.951419   0.048283   0.000298
  0.940920   0.058540   0.000540
  0.955252   0.043723   0.001025
  0.946810   0.051172   0.002018
  0.927466   0.068568   0.003966
  0.964114   0.032115   0.003771
  0.961000   0.036710   0.002290
  0.929904   0.069287   0.000809
  0.952219   0.047382   0.000399
  0.977584   0.022208   0.000208
  0.956275   0.043558   0.000167
  0.949308   0.050516   0.000176
  0.983208   0.016576   0.000216
  0.922376   0.076391   0.001234
  0.966345   0.031268   0.002388
  0.935307   0.055726   0.008967
  0.954294   0.036330   0.009375
  0.926027   0.064572   0.009401
  0.945645   0.048755   0.005600
  0.952784   0.043292   0.003924
  0.906830   0.086698   0.006472
  0.963464   0.032944   0.003591
  0.914108   0.081491   0.004401
  0.962507   0.034911   0.002583
  0.938428   0.057364   0.004208
  0.957687   0.037258   0.005056
  0.935401   0.052543   0.012056
  0.956101   0.028009   0.015890
  0.955203   0.022471   0.022325
  0.961129   0.017127   0.021744
  0.971510   0.013335   0.015155
  0.955413   0.024782   0.019805
  0.966908   0.023980   0.009112
  0.971983   0.024625   0.003393
  0.963877   0.033796   0.002327
  0.957787   0.040050   0.002163
  0.974324   0.023971   0.001705
  0.970268   0.027371   0.002361
  0.947304   0.047209   0.005487
  0.962634   0.027302   0.010064
  0.937098   0.034504   0.028398
  0.926618   0.036691   0.036691
  0.926136   0.045431   0.028433
  0.955534   0.035156   0.009310
  0.961765   0.031629   0.006606
  0.946681   0.033864   0.019455
  0.949128   0.018672   0.032200
  0.942273   0.043156   0.014571
  0.950998   0.041525   0.007477
  0.948850   0.042499   0.008651
  0.881969   0.078377   0.039654
  0.950154   0.029520   0.020326
  0.931090   0.055606   0.013304
  0.933596   0.054379   0.012025
  0.956300   0.025739   0.017961
  0.894929   0.081090   0.023981
  0.971344   0.022044   0.006612
  0.902062   0.084758   0.013180
  0.962435   0.024349   0.013216
  0.897217   0.072800   0.029983
  0.959854   0.023631   0.016515
  0.935885   0.025331   0.038784
  0.929440   0.033968   0.036592
  0.928680   0.049823   0.021496
  0.893130   0.066986   0.039884
  0.895146   0.065388   0.039466
  0.915794   0.062804   0.021402
  0.943231   0.044885   0.011884
  0.913263   0.067507   0.019230
  0.898099   0.066352   0.035549
  0.898954   0.064381   0.036666
  0.919426   0.057682   0.022893
  0.868145   0.102089   0.029766
  0.950278   0.029349   0.020373
  0.880118   0.057781   0.062101
  0.941310   0.029480   0.029210
  0.957840   0.020972   0.021188
  0.866209   0.065830   0.067961
  0.944038   0.027768   0.028193
  0.917984   0.042657   0.039359
  0.865009   0.084236   0.050755
  0.931931   0.051785   0.016284
  0.847205   0.134049   0.018747
  0.952177   0.035731   0.012092
  0.840279   0.111559   0.048163
  0.961244   0.030823   0.007934
  0.898113   0.093804   0.008082
  0.931570   0.061597   0.006834
  0.947626   0.044140   0.008235
  0.948152   0.034277   0.017572
  0.929164   0.048924   0.021912
  0.951420   0.036879   0.011700
  0.936201   0.058697   0.005101
  0.960273   0.035523   0.004203
  0.972819   0.017912   0.009269
  0.940029   0.033710   0.026262
  0.940367   0.045046   0.014587
  0.968743   0.027409   0.003848
  0.954828   0.043015   0.002157
  0.924797   0.072736   0.002467
  0.952099   0.043266   0.004635
  0.899766   0.083671   0.016563
  0.949853   0.036484   0.013663
  0.976684   0.018179   0.005137
  0.944469   0.048214   0.007317
  0.905418   0.072095   0.022487
  0.950274   0.034053   0.015673
  0.960131   0.037542   0.002327
  0.919241   0.080307   0.000453
  0.941757   0.058115   0.000128
  0.956526   0.043411   0.000063
  0.944802   0.055170   0.000029
  0.926534   0.073447   0.000019
  0.930632   0.069350   0.000017
  0.946299   0.053684   0.000017
  0.951364   0.048619   0.000017
  0.931448   0.068536   0.000016
  0.930781   0.069203   0.000016
  0.954974   0.045008   0.000018
  0.924701   0.075275   0.000024
  0.960697   0.039269   0.000034
  0.961063   0.038877   0.000060
  0.903537   0.096283   0.000180
  0.938109   0.061442   0.000450
  0.902108   0.096081   0.001811
  0.929665   0.065063   0.005272
  0.876723   0.105773   0.017503
  0.901948   0.082036   0.016016
  0.952124   0.042227   0.005649
  0.969741   0.028212   0.002047
  0.928603   0.069852   0.001544
  0.979559   0.019902   0.000539
  0.933422   0.065768   0.000810
  0.975620   0.023880   0.000500
  0.950674   0.048336   0.000990
  0.945023   0.052238   0.002739
  0.923610   0.054348   0.022043
  0.944031   0.035568   0.020401
  0.939264   0.051751   0.008985
  0.930229   0.059827   0.009944
  0.951584   0.032841   0.015575
  0.905395   0.051120   0.043485
  0.954639   0.028238   0.017123
  0.915601   0.059456   0.024944
  0.942670   0.039619   0.017710
  0.917648   0.052870   0.029482
  0.935588   0.035502   0.028910
  0.905755   0.048529   0.045716
  0.923627   0.037389   0.038984
  0.932483   0.026985   0.040532
  0.909541   0.030461   0.059998
  0.946417   0.027320   0.026263
  0.899043   0.063468   0.037490
  0.967230   0.018584   0.014186
  0.947773   0.025902   0.026324
  0.932155   0.028243   0.039603
  0.956200   0.014514   0.029286
  0.879531   0.029204   0.091264
  0.967587   0.010553   0.021859
  0.978342   0.009200   0.012458
  0.917109   0.039713   0.043177
  0.970195   0.015757   0.014048
  0.967832   0.017944   0.014224
  0.907916   0.051680   0.040404
  0.958835   0.021194   0.019971
  0.963753   0.018147   0.018100
  0.938483   0.032079   0.029438
  0.974810   0.014310   0.010880
  0.976519   0.015274   0.008208
  0.937069   0.049658   0.013273
  0.982553   0.012849   0.004599
  0.966608   0.025012   0.008379
  0.969475   0.021969   0.008557
  0.986408   0.009415   0.004177
  0.967235   0.022824   0.009941
  0.960814   0.025041   0.014145
  0.972303   0.012274   0.015423
  0.944911   0.020432   0.034657
  0.961678   0.026978   0.011344
  0.943170   0.050757   0.006073
  0.980148   0.017956   0.001896
  0.953746   0.043910   0.002344
  0.978505   0.019217   0.002278
  0.973767   0.020006   0.006227
  0.910600   0.049883   0.039516
  0.965318   0.014169   0.020514
  0.930838   0.025223   0.043940
  0.965507   0.015897   0.018596
  0.950340   0.027442   0.022219
  0.952266   0.032497   0.015237
  0.958458   0.030742   0.010800
  0.932479   0.049382   0.018139
  0.943068   0.032477   0.024455
  0.934457   0.028066   0.037477
  0.939600   0.023408   0.036991
  0.952203   0.020418   0.027380
  0.934708   0.036288   0.029004
  0.931778   0.046424   0.021798
  0.946380   0.038287   0.015333
  0.895501   0.078302   0.026197
  0.951068   0.032197   0.016736
  0.889946   0.068874   0.041180
  0.956453   0.030883   0.012664
  0.896613   0.085433   0.017953
  0.954139   0.033774   0.012086
  0.897739   0.072905   0.029357
  0.952116   0.025650   0.022234
  0.924352   0.030917   0.044730
  0.937346   0.044988   0.017666
  0.948946   0.040416   0.010638
  0.921503   0.056706   0.021791
  0.952551   0.022699   0.024750
  0.938770   0.047093   0.014137
  0.959254   0.036388   0.004357
  0.950865   0.044119   0.005017
  0.938338   0.046262   0.015400
  0.956736   0.020147   0.023118
  0.939375   0.050231   0.010395
  0.960889   0.035327   0.003785
  0.977042   0.020703   0.002255
  0.898774   0.096916   0.004311
  0.982564   0.013072   0.004364
  0.969779   0.020958   0.009263
  0.889938   0.095451   0.014611
  0.958856   0.029150   0.011994
  0.940179   0.044280   0.015541
  0.941238   0.042169   0.016593
  0.964599   0.023799   0.011602
  0.945714   0.048840   0.005447
  0.951619   0.045444   0.002937
  0.973930   0.023970   0.002100
  0.958915   0.037936   0.003149
  0.958107   0.035549   0.006344
  0.964976   0.017559   0.017465
  0.950517   0.032093   0.017391
  0.898994   0.096029   0.004977
  0.950166   0.047075   0.002758
  0.958709   0.039170   0.002121
  0.938760   0.057833   0.003408
  0.959200   0.030243   0.010556
  0.938946   0.027940   0.033114
  0.926267   0.057328   0.016404
  0.929872   0.064175   0.005952
  0.953840   0.040953   0.005207
  0.937475   0.053953   0.008572
  0.906529   0.074708   0.018763
  0.922845   0.050320   0.026836
  0.919109   0.064662   0.016229
  0.912375   0.075846   0.011779
  0.872413   0.108030   0.019557
  0.887065   0.062396   0.050538
  0.925701   0.047387   0.026912
  0.895411   0.095412   0.009176
  0.915785   0.077147   0.007068
  0.923736   0.063529   0.012736
  0.886579   0.058348   0.055073
  0.865575   0.062065   0.072360
  0.890769   0.076119   0.033112
  0.900377   0.061542   0.038081
  0.829771   0.071393   0.098836
  0.793820   0.103490   0.102690
  0.896479   0.076050   0.027471
  0.926420   0.052181   0.021399
  0.847540   0.092116   0.060344
  0.824949   0.096802   0.078249
  0.874079   0.089919   0.036002
  0.783309   0.154831   0.061860
  0.850294   0.088393   0.061314
  0.891214   0.078462   0.030324
  0.833248   0.145932   0.020820
  0.735220   0.220302   0.044478
  0.799579   0.100176   0.100245
  0.860716   0.105878   0.033406
  0.817914   0.161832   0.020254
  0.834375   0.119816   0.045809
  0.708321   0.253125   0.038554
  0.847929   0.123112   0.028959
  0.834940   0.113181   0.051879
  0.773561   0.182564   0.043875
  0.878547   0.097200   0.024253
  0.868594   0.107671   0.023735
  0.833219   0.130783   0.035998
  0.879506   0.081907   0.038588
  0.887772   0.094170   0.018058
  0.858583   0.122512   0.018905
  0.896676   0.063758   0.039566
  0.879553   0.087939   0.032508
  0.921417   0.066897   0.011686
  0.877285   0.108871   0.013844
  0.887059   0.084515   0.028426
  0.839229   0.132705   0.028066
  0.944616   0.047293   0.008091
  0.875756   0.114290   0.009954
  0.918272   0.062569   0.019159
  0.886369   0.089406   0.024225
  0.887342   0.105049   0.007609
  0.886633   0.110164   0.003203
  0.919291   0.079475   0.001234
  0.881106   0.117611   0.001283
  0.916918   0.081064   0.002018
  0.903039   0.090943   0.006018
  0.935454   0.045763   0.018784
  0.936295   0.049466   0.014239
  0.966525   0.031618   0.001857
  0.957434   0.041920   0.000645
  0.956056   0.043615   0.000329
  0.950281   0.049543   0.000176
  0.979476   0.020444   0.000080
  0.977847   0.022085   0.000068
  0.924243   0.075659   0.000098
  0.963586   0.036316   0.000098
  0.930335   0.069465   0.000200
  0.968140   0.031703   0.000157
  0.934232   0.065576   0.000192
  0.979509   0.020399   0.000092
  0.964960   0.034973   0.000067
  0.942757   0.057197   0.000046
  0.951391   0.048579   0.000030
  0.939314   0.060660   0.000027
  0.933953   0.066020   0.000028
  0.954291   0.045677   0.000032
  0.975376   0.024591   0.000034
  0.966817   0.033149   0.000034
  0.928642   0.071326   0.000032
  0.949559   0.050408   0.000033
  0.942905   0.057049   0.000046
  0.927634   0.072310   0.000056
  0.949275   0.050676   0.000049
  0.942975   0.056969   0.000056
  0.940293   0.059640   0.000067
  0.946646   0.053269   0.000085
  0.965145   0.034749   0.000106
  0.954144   0.045667   0.000189
  0.914713   0.084905   0.000382
  0.952089   0.047104   0.000807
  0.892648   0.103654   0.003698
  0.967664   0.027399   0.004937
  0.865317   0.128150   0.006533
  0.945495   0.053324   0.001181
  0.839612   0.159581   0.000807
  0.942232   0.057485   0.000283
  0.911846   0.087961   0.000193
  0.964040   0.035861   0.000099
  0.894791   0.105049   0.000160
  0.924421   0.075360   0.000220
  0.902875   0.096832   0.000293
  0.895072   0.104580   0.000348
  0.889516   0.110023   0.000461
  0.908402   0.091059   0.000539
  0.851886   0.147203   0.000911
  0.889550   0.109286   0.001163
  0.876126   0.121586   0.002288
  0.870578   0.125148   0.004274
  0.848869   0.145187   0.005944
  0.873564   0.118079   0.008358
  0.889234   0.101777   0.008990
  0.908223   0.085204   0.006573
  0.940294   0.056105   0.003602
  0.873369   0.120830   0.005802
  0.954501   0.040486   0.005013
  0.882382   0.102545   0.015073
  0.940821   0.042230   0.016949
  0.907679   0.081336   0.010986
  0.915468   0.081155   0.003377
  0.918462   0.079398   0.002139
  0.900213   0.096085   0.003702
  0.870419   0.112284   0.017297
  0.924140   0.056650   0.019210
  0.911530   0.079487   0.008983
  0.892984   0.100253   0.006763
  0.905801   0.084453   0.009746
  0.926685   0.058472   0.014842
  0.912417   0.074837   0.012746
  0.934412   0.058093   0.007496
  0.932878   0.059096   0.008026
  0.901961   0.085993   0.012046
  0.936629   0.051114   0.012258
  0.928794   0.060750   0.010456
  0.920925   0.071035   0.008040
  0.940439   0.051531   0.008031
  0.939881   0.050200   0.009919
  0.967371   0.026399   0.006229
  0.908586   0.076719   0.014694
  0.960272   0.031768   0.007960
  0.958769   0.031769   0.009462
  0.942865   0.044400   0.012735
  0.957598   0.034093   0.008310
  0.944622   0.048019   0.007360
  0.970344   0.025285   0.004371
  0.941357   0.051401   0.007242
  0.960984   0.035278   0.003737
  0.939350   0.058073   0.002577
  0.956524   0.040815   0.002661
  0.960739   0.035868   0.003394
  0.948726   0.046879   0.004395
  0.930618   0.062642   0.006740
  0.936714   0.052933   0.010353
  0.933466   0.053833   0.012702
  0.946327   0.046157   0.007515
  0.898619   0.094508   0.006873
  0.962279   0.035662   0.002059
  0.921273   0.077047   0.001680
  0.950114   0.048917   0.000969
  0.948581   0.050306   0.001114
  0.944158   0.054605   0.001237
  0.946554   0.052317   0.001130
  0.961152   0.038092   0.000756
  0.940686   0.058821   0.000493
  0.934306   0.065396   0.000298
  0.949474   0.050301   0.000225
  0.949183   0.050559   0.000259
  0.929734   0.069868   0.000398
  0.917505   0.081958   0.000537
  0.946302   0.052917   0.000781
  0.960022   0.038825   0.001153
  0.903299   0.095054   0.001646
  0.924092   0.074530   0.001379
  0.964326   0.035139   0.000535
  0.940576   0.059250   0.000174
  0.897297   0.102630   0.000073
  0.959268   0.040690   0.000042
  0.971744   0.028232   0.000024
  0.910598   0.089386   0.000016
  0.932515   0.067469   0.000016
  0.970331   0.029647   0.000021
  0.941863   0.058101   0.000036
  0.875993   0.123958   0.000049
  0.925781   0.074144   0.000075
  0.897670   0.102189   0.000142
  0.882832   0.116904   0.000264
  0.906768   0.092789   0.000443
  0.906567   0.092766   0.000667
  0.902548   0.096792   0.000660
  0.915162   0.084287   0.000551
  0.905180   0.094308   0.000512
  0.914818   0.084782   0.000400
  0.935371   0.064254   0.000375
  0.914923   0.084791   0.000285
  0.948054   0.051720   0.000227
  0.965083   0.034670   0.000247
  0.937467   0.062154   0.000379
  0.960835   0.038635   0.000530
  0.930437   0.067998   0.001565
  0.935483   0.061740   0.002777
  0.945793   0.050394   0.003813
  0.893238   0.103515   0.003247
  0.877970   0.120719   0.001312
  0.937945   0.061520   0.000534
  0.943916   0.055742   0.000341
  0.912323   0.087341   0.000336
  0.930925   0.068766   0.000309
  0.951417   0.048216   0.000367
  0.893409   0.105767   0.000824
  0.945053   0.053263   0.001684
  0.872623   0.117628   0.009749
  0.902554   0.084659   0.012787
  0.881021   0.113407   0.005573
  0.905515   0.090834   0.003651
  0.918138   0.073842   0.008021
  0.911703   0.066978   0.021319
  0.937386   0.048010   0.014604
  0.893410   0.088752   0.017838
  0.919878   0.070944   0.009178
  0.945954   0.044718   0.009328
  0.891891   0.088688   0.019420
  0.917562   0.074623   0.007815
  0.962501   0.036073   0.001426
  0.920098   0.079559   0.000343
  0.906409   0.093453   0.000138
  0.912811   0.087040   0.000149
  0.923747   0.076036   0.000217
  0.922355   0.077256   0.000390
  0.937364   0.061862   0.000774
  0.939365   0.059132   0.001503
  0.923337   0.073428   0.003235
  0.958817   0.036109   0.005074
  0.948807   0.034847   0.016346
  0.964924   0.027684   0.007392
  0.916390   0.079692   0.003918
  0.973698   0.025378   0.000924
  0.958710   0.040626   0.000664
  0.956640   0.042743   0.000617
  0.968115   0.031173   0.000712
  0.887579   0.110954   0.001467
  0.966103   0.032923   0.000974
  0.925218   0.072951   0.001831
  0.960925   0.037924   0.001151
  0.950511   0.048549   0.000940
  0.964037   0.035437   0.000526
  0.952306   0.047369   0.000325
  0.952759   0.046985   0.000256
  0.942189   0.057552   0.000260
  0.945981   0.053778   0.000242
  0.952844   0.046896   0.000260
  0.930331   0.069184   0.000485
  0.937375   0.062064   0.000561
  0.906348   0.093045   0.000608
  0.918394   0.080982   0.000624
  0.932079   0.067051   0.000870
  0.909107   0.089096   0.001797
  0.916033   0.081341   0.002626
  0.891330   0.104829   0.003841
  0.857183   0.138806   0.004011
  0.888545   0.109519   0.001936
  0.870166   0.128892   0.000941
  0.810716   0.188922   0.000361
  0.596599   0.403257   0.000144
  0.643229   0.356704   0.000067
  0.597477   0.402490   0.000033
  0.582345   0.417636   0.000019
  0.509409   0.490570   0.000020
  0.577819   0.422137   0.000044
  0.588334   0.411483   0.000183
  0.507323   0.491773   0.000904
  0.484967   0.507683   0.007350
  0.534632   0.456243   0.009125
  0.666708   0.331691   0.001601
  0.668649   0.330990   0.000361
  0.557797   0.442098   0.000105
  0.501918   0.498044   0.000038
  0.493163   0.506818   0.000019
  0.499562   0.500427   0.000011
  0.564866   0.435124   0.000010
  0.621166   0.378823   0.000011
  0.567349   0.432640   0.000011
  0.574532   0.425454   0.000014
  0.589636   0.410344   0.000020
  0.619307   0.380661   0.000032
  0.619285   0.380651   0.000064
  0.586332   0.413571   0.000097
  0.684922   0.314951   0.000127
  0.621841   0.377962   0.000198
  0.649089   0.350636   0.000275
  0.627985   0.371822   0.000193
  0.747505   0.252409   0.000085
  0.769221   0.230725   0.000054
  0.771860   0.228106   0.000034
  0.754000   0.245978   0.000022
  0.574862   0.425122   0.000016
  0.571010   0.428978   0.000012
  0.658992   0.340996   0.000012
  0.726136   0.273851   0.000013
  0.697911   0.302073   0.000016
  0.744825   0.255149   0.000026
  0.822263   0.177678   0.000058
  0.793184   0.206629   0.000186
  0.747728   0.251578   0.000694
  0.863731   0.134953   0.001315
  0.783447   0.214614   0.001938
  0.911364   0.088024   0.000612
  0.784701   0.214991   0.000308
  0.838325   0.161538   0.000137
  0.844514   0.155427   0.000059
  0.847119   0.152849   0.000032
  0.843026   0.156934   0.000040
  0.879628   0.120275   0.000097
  0.832041   0.167746   0.000213
  0.847323   0.152449   0.000228
  0.778974   0.220691   0.000335
  0.832763   0.166887   0.000350
  0.708053   0.291611   0.000336
  0.689434   0.310236   0.000330
  0.636508   0.363242   0.000250
  0.531135   0.468704   0.000161
  0.528449   0.471444   0.000106
  0.701615   0.298300   0.000085
  0.754337   0.245596   0.000067
  0.662578   0.337373   0.000049
  0.898245   0.101728   0.000027
  0.752487   0.247490   0.000023
  0.819584   0.180396   0.000020
  0.851978   0.148000   0.000021
  0.831266   0.168706   0.000029
  0.837978   0.161973   0.000049
  0.873926   0.125968   0.000106
  0.862818   0.136955   0.000227
  0.751131   0.248396   0.000473
  0.750998   0.248267   0.000735
  0.772964   0.226517   0.000520
  0.723719   0.276050   0.000231
  0.810551   0.189311   0.000138
  0.703854   0.296048   0.000098
  0.691014   0.308900   0.000087
  0.759203   0.240699   0.000099
  0.751791   0.248053   0.000156
  0.709050   0.290718   0.000232
  0.672530   0.327132   0.000337
  0.757554   0.242162   0.000284
  0.727802   0.272057   0.000141
  0.855631   0.144294   0.000076
  0.867033   0.132905   0.000061
  0.821140   0.178805   0.000055
  0.891806   0.108139   0.000055
  0.902281   0.097627   0.000091
  0.853889   0.145961   0.000151
  0.881683   0.118038   0.000279
  0.919227   0.080386   0.000387
  0.943459   0.055988   0.000553
  0.886589   0.112824   0.000587
  0.763578   0.235985   0.000437
  0.876374   0.123331   0.000295
  0.921081   0.078704   0.000215
  0.860372   0.139477   0.000152
  0.931885   0.068005   0.000110
  0.924288   0.075621   0.000091
  0.909735   0.090209   0.000056
  0.951679   0.048277   0.000044
  0.881179   0.118768   0.000053
  0.953909   0.046038   0.000052
  0.911686   0.088218   0.000096
  0.898582   0.101240   0.000178
  0.900923   0.098784   0.000294
  0.919941   0.079669   0.000390
  0.882950   0.116310   0.000741
  0.911987   0.087078   0.000935
  0.919028   0.079895   0.001077
  0.870668   0.128273   0.001059
  0.907105   0.092426   0.000469
  0.933200   0.066577   0.000223
  0.955739   0.044135   0.000127
  0.938279   0.061611   0.000109
  0.931192   0.068700   0.000108
  0.918292   0.081604   0.000104
  0.920508   0.079401   0.000091
  0.874796   0.125121   0.000083
  0.917437   0.082495   0.000068
  0.873360   0.126583   0.000057
  0.892265   0.107696   0.000039
  0.897508   0.102457   0.000035
  0.863410   0.136559   0.000031
  0.927406   0.072567   0.000027
  0.934393   0.065581   0.000027
  0.894064   0.105910   0.000027
  0.890139   0.109836   0.000025
  0.922533   0.077444   0.000024
  0.914636   0.085344   0.000020
  0.851466   0.148515   0.000019
  0.819551   0.180429   0.000020
  0.754639   0.245335   0.000027
  0.702796   0.297166   0.000038
  0.870982   0.128977   0.000041
  0.581901   0.418021   0.000078
  0.751032   0.248847   0.000121
  0.646009   0.353733   0.000258
  0.755994   0.243506   0.000500
  0.806580   0.192375   0.001045
  0.641221   0.356433   0.002346
  0.675477   0.321601   0.002922
  0.821878   0.175658   0.002464
  0.602045   0.395345   0.002611
  0.799360   0.198298   0.002342
  0.528267   0.468948   0.002785
  0.533304   0.464748   0.001948
  0.534953   0.464037   0.001010
  0.503417   0.496087   0.000496
  0.483719   0.516053   0.000228
  0.453397   0.546462   0.000141
  0.354819   0.645085   0.000097
  0.388252   0.611668   0.000079
  0.632265   0.367665   0.000070
  0.511661   0.488263   0.000076
  0.575709   0.424208   0.000083
  0.471536   0.528381   0.000083
  0.607468   0.392439   0.000093
  0.466039   0.533836   0.000125
  0.603227   0.396629   0.000144
  0.563401   0.436446   0.000154
  0.560438   0.439395   0.000167
  0.583238   0.416534   0.000228
  0.544404   0.455120   0.000476
  0.462483   0.536543   0.000975
  0.515527   0.482523   0.001950
  0.568815   0.428918   0.002266
  0.599345   0.399296   0.001359
  0.587346   0.411987   0.000667
  0.633940   0.365656   0.000404
  0.430555   0.569148   0.000297
  0.406729   0.593095   0.000176
  0.430610   0.569267   0.000123
  0.389868   0.610043   0.000089
  0.586692   0.413219   0.000089
  0.422685   0.577229   0.000085
  0.555522   0.444384   0.000094
  0.549284   0.450622   0.000094
  0.603237   0.396655   0.000109
  0.467263   0.532580   0.000156
  0.534537   0.465210   0.000253
  0.447328   0.552223   0.000449
  0.432471   0.566770   0.000759
  0.387257   0.611820   0.000923
  0.505049   0.494202   0.000748
  0.541045   0.458372   0.000583
  0.440116   0.559435   0.000449
  0.403346   0.596249   0.000405
  0.336955   0.662716   0.000329
  0.376880   0.622736   0.000383
  0.343334   0.656137   0.000528
  0.377171   0.622069   0.000760
  0.494957   0.503936   0.001107
  0.421811   0.577241   0.000948
  0.347045   0.652177   0.000778
  0.559474   0.439744   0.000782
  0.502338   0.496982   0.000681
  0.444726   0.554533   0.000741
  0.406881   0.592240   0.000879
  0.523715   0.474897   0.001388
  0.374413   0.622882   0.002706
  0.388669   0.604823   0.006508
  0.449322   0.542070   0.008609
  0.483410   0.512229   0.004361
  0.380329   0.617347   0.002324
  0.556568   0.442434   0.000997
  0.316131   0.683579   0.000290
  0.524028   0.475872   0.000099
  0.498021   0.501938   0.000041
  0.623258   0.376719   0.000023
  0.524555   0.475430   0.000015
  0.515988   0.483998   0.000014
  0.582504   0.417479   0.000016
  0.609175   0.390804   0.000022
  0.522727   0.477236   0.000037
  0.496541   0.503400   0.000059
  0.446762   0.553151   0.000086
  0.590278   0.409624   0.000098
  0.511960   0.487931   0.000109
  0.517151   0.482718   0.000131
  0.617990   0.381862   0.000148
  0.461045   0.538841   0.000113
  0.530032   0.469846   0.000122
  0.361995   0.637813   0.000192
  0.293879   0.705771   0.000350
  0.268632   0.730634   0.000735
  0.376494   0.621444   0.002062
  0.363533   0.632662   0.003805
  0.511639   0.484503   0.003857
  0.428423   0.570062   0.001516
  0.640440   0.358540   0.001021
  0.434971   0.564315   0.000714
  0.589921   0.409270   0.000810
  0.424805   0.574090   0.001105
  0.531599   0.466887   0.001513
  0.294104   0.703884   0.002012
  0.289413   0.705939   0.004648
  0.286096   0.706505   0.007399
  0.278244   0.717135   0.004621
  0.157291   0.840777   0.001932
  0.241879   0.756731   0.001390
  0.416727   0.581776   0.001498
  0.494609   0.503324   0.002067
  0.516069   0.481107   0.002824
  0.606648   0.389265   0.004088
  0.527920   0.466985   0.005094
  0.496447   0.499980   0.003572
  0.588672   0.409959   0.001368
  0.543893   0.455597   0.000511
  0.469625   0.530154   0.000222
  0.440393   0.559475   0.000132
  0.436890   0.562942   0.000167
  0.497940   0.501684   0.000376
  0.503637   0.495689   0.000675
  0.536563   0.461264   0.002173
  0.556657   0.438787   0.004556
  0.489205   0.505220   0.005575
  0.269314   0.728414   0.002272
  0.350682   0.648472   0.000847
  0.475044   0.524698   0.000258
  0.506530   0.493368   0.000102
  0.499375   0.500583   0.000041
  0.474682   0.525296   0.000022
  0.288092   0.711888   0.000019
  0.239810   0.760172   0.000018
  0.305805   0.694179   0.000016
  0.144790   0.855192   0.000018
  0.163746   0.836237   0.000017
  0.206296   0.793686   0.000017
  0.141715   0.858267   0.000017
  0.196154   0.803830   0.000016
  0.117274   0.882710   0.000016
  0.149879   0.850106   0.000015
  0.107531   0.892451   0.000018
  0.080326   0.919651   0.000024
  0.108851   0.891108   0.000041
  0.086815   0.913109   0.000076
  0.098718   0.901107   0.000175
  0.070694   0.928767   0.000540
  0.085688   0.911969   0.002343
  0.079183   0.902530   0.018287
  0.096939   0.894370   0.008691
  0.132880   0.865148   0.001971
  0.107103   0.892301   0.000597
  0.155337   0.844326   0.000337
  0.150455   0.849355   0.000189
  0.140260   0.859593   0.000147
  0.142905   0.856919   0.000177
  0.106924   0.892769   0.000307
  0.139154   0.859983   0.000863
  0.058839   0.938980   0.002181
  0.100110   0.883411   0.016480
  0.032000   0.954654   0.013346
  0.120601   0.869833   0.009566
  0.034791   0.963698   0.001511
  0.155302   0.842874   0.001824
  0.057482   0.941106   0.001413
  0.079527   0.917543   0.002929
  0.095034   0.898741   0.006225
  0.075554   0.915725   0.008721
  0.130326   0.854343   0.015331
  0.091361   0.896577   0.012062
  0.168877   0.819515   0.011608
  0.122860   0.871514   0.005626
  0.211290   0.784093   0.004617
  0.239600   0.754200   0.006200
  0.312752   0.672799   0.014449
  0.146535   0.820741   0.032724
  0.213746   0.757746   0.028508
  0.143992   0.847421   0.008587
  0.285978   0.705059   0.008963
  0.283722   0.702700   0.013578
  0.280357   0.695713   0.023929
  0.325431   0.649726   0.024844
  0.256374   0.737407   0.006219
  0.336373   0.661409   0.002218
  0.198885   0.800061   0.001054
  0.334842   0.664025   0.001133
  0.246038   0.752892   0.001070
  0.261314   0.737555   0.001131
  0.323178   0.675915   0.000908
  0.193620   0.805683   0.000696
  0.194946   0.804600   0.000455
  0.248500   0.751191   0.000309
  0.167766   0.832070   0.000164
  0.346776   0.653100   0.000123
  0.409013   0.590908   0.000080
  0.294172   0.705773   0.000055
  0.450935   0.549019   0.000047
  0.321213   0.678747   0.000040
  0.386223   0.613737   0.000040
  0.392505   0.607443   0.000052
  0.331410   0.668519   0.000070
  0.408556   0.591317   0.000127
  0.546659   0.453195   0.000146
  0.509210   0.490651   0.000140
  0.548929   0.450965   0.000106
  0.502471   0.497431   0.000098
  0.428938   0.570941   0.000120
  0.577398   0.422455   0.000147
  0.776285   0.223599   0.000116
  0.650784   0.349089   0.000127
  0.685483   0.314352   0.000165
  0.679731   0.320051   0.000218
  0.583799   0.415900   0.000301
  0.504569   0.495065   0.000366
  0.322078   0.677589   0.000333
  0.458246   0.541453   0.000301
  0.427675   0.572079   0.000246
  0.408355   0.591343   0.000303
  0.537793   0.461783   0.000425
  0.294424   0.704947   0.000629
  0.443159   0.555880   0.000961
  0.311763   0.687486   0.000750
  0.354064   0.645613   0.000323
  0.401872   0.597977   0.000151
  0.464040   0.535869   0.000091
  0.543060   0.456876   0.000064
  0.523002   0.476933   0.000064
  0.493583   0.506363   0.000054
  0.482545   0.517398   0.000057
  0.441576   0.558367   0.000057
  0.426558   0.573389   0.000052
  0.396564   0.603390   0.000046
  0.335392   0.664567   0.000041
  0.463996   0.535955   0.000050
  0.617937   0.381995   0.000068
  0.372166   0.627734   0.000100
  0.599694   0.400164   0.000142
  0.504341   0.495497   0.000161
  0.635709   0.364075   0.000216
  0.560203   0.439581   0.000216
  0.739220   0.260638   0.000142
  0.582569   0.417301   0.000129
  0.696922   0.302973   0.000105
  0.671708   0.328148   0.000144
  0.498229   0.501543   0.000227
  0.326962   0.672672   0.000366
  0.443571   0.555566   0.000863
  0.525077   0.471192   0.003730
  0.266082   0.724033   0.009885
  0.440317   0.554573   0.005111
  0.486702   0.512231   0.001067
  0.481113   0.518588   0.000299
  0.447204   0.552679   0.000117
  0.435646   0.564306   0.000048
  0.555751   0.444224   0.000025
  0.483184   0.516797   0.000019
  0.464643   0.535337   0.000021
  0.488158   0.511816   0.000026
  0.502484   0.497464   0.000052
  0.487642   0.512213   0.000145
  0.494052   0.505385   0.000564
  0.500917   0.496292   0.002791
  0.471845   0.511101   0.017054
  0.439071   0.553272   0.007656
  0.507209   0.491830   0.000961
  0.551193   0.448599   0.000208
  0.442160   0.557758   0.000082
  0.603380   0.396569   0.000051
  0.390469   0.609455   0.000076
  0.755355   0.244506   0.000139
  0.554868   0.444895   0.000237
  0.811459   0.188176   0.000365
  0.847258   0.152022   0.000720
  0.827631   0.170879   0.001490
  0.843094   0.150397   0.006508
  0.821787   0.171357   0.006856
  0.836552   0.162082   0.001366
  0.748394   0.251334   0.000272
  0.851399   0.148464   0.000137
  0.814675   0.185184   0.000141
  0.613977   0.385816   0.000207
  0.742451   0.257222   0.000328
  0.530694   0.468443   0.000863
  0.578659   0.419013   0.002327
  0.466636   0.527367   0.005997
  0.651106   0.340592   0.008301
  0.544724   0.449946   0.005330
  0.649495   0.347882   0.002623
  0.515142   0.482974   0.001883
  0.500455   0.498604   0.000941
  0.500695   0.498731   0.000574
  0.517033   0.482535   0.000432
  0.395553   0.604157   0.000290
  0.616665   0.383126   0.000209
  0.611347   0.388514   0.000139
  0.688077   0.311827   0.000096
  0.507006   0.492922   0.000072
  0.453999   0.545953   0.000047
  0.484543   0.515425   0.000031
  0.506723   0.493249   0.000028
  0.501131   0.498838   0.000031
  0.498752   0.501201   0.000048
  0.632672   0.367253   0.000076
  0.449316   0.550564   0.000120
  0.502432   0.497427   0.000141
  0.430574   0.569301   0.000126
  0.501362   0.498540   0.000098
  0.400289   0.599614   0.000097
  0.463257   0.536639   0.000104
  0.517967   0.481879   0.000153
  0.554395   0.445401   0.000204
  0.572765   0.426987   0.000249
  0.628487   0.371246   0.000266
  0.571871   0.427825   0.000304
  0.582001   0.417578   0.000421
  0.566392   0.433136   0.000472
  0.575460   0.424217   0.000323
  0.581280   0.418567   0.000153
  0.509390   0.490533   0.000077
  0.587532   0.412422   0.000046
  0.448166   0.551804   0.000029
  0.666044   0.333933   0.000023
  0.685255   0.314726   0.000019
  0.730303   0.269675   0.000022
  0.707915   0.292059   0.000026
  0.774481   0.225482   0.000037
  0.761438   0.238527   0.000035
  0.760528   0.239441   0.000031
  0.757386   0.242581   0.000033
  0.734376   0.265592   0.000032
  0.685619   0.314350   0.000031
  0.620937   0.379032   0.000032
  0.541286   0.458686   0.000028
  0.410634   0.589341   0.000025
  0.427670   0.572302   0.000028
  0.573676   0.426292   0.000032
  0.296414   0.703553   0.000032
  0.361789   0.638170   0.000041
  0.372737   0.627205   0.000058
  0.210771   0.789156   0.000073
  0.367858   0.632020   0.000122
  0.335329   0.664536   0.000135
  0.601166   0.398653   0.000180
  0.496850   0.502864   0.000286
  0.532361   0.467269   0.000370
  0.532293   0.467372   0.000334
  0.473665   0.526108   0.000227
  0.382877   0.616905   0.000218
  0.484919   0.514899   0.000182
  0.561817   0.438052   0.000131
  0.550053   0.449877   0.000070
  0.496507   0.503453   0.000040
  0.558987   0.440988   0.000024
  0.726467   0.273514   0.000019
  0.711984   0.287989   0.000027
  0.773680   0.226237   0.000083
  0.772886   0.226796   0.000317
  0.717236   0.281665   0.001099
  0.685822   0.311375   0.002803
  0.660830   0.337283   0.001888
  0.551080   0.448132   0.000789
  0.580300   0.419488   0.000212
  0.542548   0.457393   0.000059
  0.624744   0.375235   0.000021
  0.614833   0.385156   0.000011
  0.513165   0.486825   0.000010
  0.438137   0.561850   0.000013
  0.561264   0.438722   0.000014
  0.570636   0.429340   0.000024
  0.457056   0.542859   0.000086
  0.569282   0.430362   0.000356
  0.316162   0.682162   0.001676
  0.573003   0.422212   0.004784
  0.535538   0.462830   0.001632
  0.469237   0.530509   0.000254
  0.571225   0.428721   0.000053
  0.514582   0.485395   0.000023
  0.408680   0.591301   0.000019
  0.557835   0.442151   0.000014
  0.742731   0.257256   0.000013
  0.661135   0.338853   0.000012
  0.537928   0.462056   0.000016
  0.509475   0.490500   0.000026
  0.507647   0.492306   0.000047
  0.510206   0.489666   0.000128
  0.519373   0.480288   0.000339
  0.484192   0.514334   0.001474
  0.466405   0.530811   0.002784
  0.660483   0.338467   0.001050
  0.750214   0.249365   0.000422
  0.758865   0.240926   0.000209
  0.847905   0.151962   0.000133
  0.903967   0.095952   0.000080
  0.812254   0.187704   0.000041
  0.779028   0.220944   0.000028
  0.773424   0.226557   0.000019
  0.724587   0.275399   0.000014
  0.633722   0.366265   0.000013
  0.663215   0.336771   0.000014
  0.620533   0.379452   0.000015
  0.480168   0.519813   0.000019
  0.485433   0.514539   0.000028
  0.537780   0.462153   0.000067
  0.553097   0.446534   0.000369
  0.526626   0.470781   0.002594
  0.531298   0.464109   0.004593
  0.502601   0.496072   0.001326
  0.489096   0.510603   0.000301
  0.504072   0.495832   0.000096
  0.527368   0.472592   0.000040
  0.621711   0.378267   0.000022
  0.738600   0.261382   0.000019
  0.610973   0.389013   0.000014
  0.532721   0.467269   0.000010
  0.565653   0.434338   0.000009
  0.661904   0.338083   0.000013
  0.676145   0.323833   0.000023
  0.646242   0.353720   0.000038
  0.712977   0.286954   0.000069
  0.488495   0.511421   0.000084
  0.494458   0.505469   0.000073
  0.455826   0.544123   0.000050
  0.433639   0.566322   0.000039
  0.473802   0.526171   0.000027
  0.478262   0.521718   0.000020
  0.436026   0.563958   0.000016
  0.506911   0.493074   0.000015
  0.515217   0.484764   0.000019
  0.565210   0.434757   0.000033
  0.608562   0.391343   0.000095
  0.470836   0.528851   0.000313
  0.488778   0.510421   0.000802
  0.559812   0.438039   0.002149
  0.525736   0.470123   0.004140
  0.484253   0.512958   0.002789
  0.431963   0.565961   0.002076
  0.651485   0.345869   0.002646
  0.483279   0.513323   0.003398
  0.528582   0.468283   0.003135
  0.392200   0.606308   0.001493
  0.417238   0.581736   0.001026
  0.521187   0.478077   0.000736
  0.446005   0.553477   0.000518
  0.606961   0.392690   0.000349
  0.537329   0.462438   0.000233
  0.670021   0.329810   0.000169
  0.727563   0.272331   0.000105
  0.553762   0.446170   0.000068
  0.737023   0.262943   0.000034
  0.724091   0.275891   0.000018
  0.703159   0.296828   0.000013
  0.691044   0.308943   0.000013
  0.617757   0.382230   0.000014
  0.582502   0.417478   0.000020
  0.495243   0.504722   0.000035
  0.458882   0.541026   0.000092
  0.548869   0.450867   0.000264
  0.534672   0.464302   0.001026
  0.512255   0.484513   0.003232
  0.507754   0.490321   0.001925
  0.560428   0.439084   0.000487
  0.400069   0.599762   0.000169
  0.460707   0.539194   0.000100
  0.465734   0.534166   0.000100
  0.539956   0.459908   0.000136
  0.471973   0.527805   0.000223
  0.525571   0.474154   0.000274
  0.663089   0.336558   0.000353
  0.467261   0.532329   0.000410
  0.567468   0.432148   0.000384
  0.562347   0.437342   0.000311
  0.449547   0.550104   0.000349
  0.648845   0.350869   0.000286
  0.498016   0.501750   0.000234
  0.743069   0.256798   0.000134
  0.558585   0.441349   0.000065
  0.622844   0.377130   0.000026
  0.697768   0.302216   0.000016
  0.625170   0.374808   0.000023
  0.490482   0.509469   0.000049
  0.716178   0.283708   0.000114
  0.722009   0.277796   0.000195
  0.636326   0.363419   0.000255
  0.525958   0.473766   0.000276
  0.495396   0.504280   0.000324
  0.535040   0.464629   0.000330
  0.623298   0.376369   0.000333
  0.638322   0.361419   0.000259
  0.570104   0.429758   0.000138
  0.548618   0.451323   0.000059
  0.579909   0.420063   0.000028
  0.569588   0.430394   0.000018
  0.468325   0.531661   0.000014
  0.423156   0.576833   0.000012
  0.459577   0.540413   0.000010
  0.504410   0.495581   0.000009
  0.496187   0.503803   0.000010
  0.428619   0.571367   0.000014
  0.414742   0.585243   0.000016
  0.475621   0.524356   0.000023
  0.479762   0.520190   0.000048
  0.575771   0.424108   0.000121
  0.558597   0.440977   0.000425
  0.546053   0.452657   0.001291
  0.501959   0.495946   0.002095
  0.566668   0.432067   0.001265
  0.510751   0.488707   0.000542
  0.601467   0.398290   0.000244
  0.507161   0.492693   0.000145
  0.423922   0.575984   0.000094
  0.545094   0.454845   0.000061
  0.585717   0.414243   0.000039
  0.387932   0.612041   0.000027
  0.392719   0.607260   0.000021
  0.463260   0.536723   0.000016
  0.495619   0.504366   0.000016
  0.514533   0.485450   0.000017
  0.527055   0.472918   0.000027
  0.536814   0.463129   0.000057
  0.535046   0.464792   0.000162
  0.434193   0.565418   0.000389
  0.615319   0.384208   0.000474
  0.672598   0.327023   0.000379
  0.563440   0.436305   0.000255
  0.340227   0.659605   0.000169
  0.359843   0.640078   0.000080
  0.556089   0.443879   0.000032
  0.583693   0.416292   0.000015
  0.513272   0.486718   0.000010
  0.455355   0.544636   0.000009
  0.476211   0.523780   0.000009
  0.527148   0.472843   0.000010
  0.545873   0.454115   0.000012
  0.557609   0.442375   0.000016
  0.562271   0.437711   0.000018
  0.521574   0.478406   0.000019
  0.475927   0.524052   0.000021
  0.447363   0.552613   0.000024
  0.564303   0.435661   0.000037
  0.727851   0.272105   0.000044
  0.689240   0.310731   0.000029
  0.552539   0.447443   0.000019
  0.402921   0.597066   0.000013
  0.402531   0.597458   0.000011
  0.539402   0.460588   0.000010
  0.535798   0.464193   0.000009
  0.502019   0.497972   0.000009
  0.484302   0.515688   0.000010
  0.492122   0.507867   0.000012
  0.465997   0.533988   0.000014
  0.354816   0.645165   0.000019
  0.544189   0.455784   0.000027
  0.557200   0.442758   0.000042
  0.465587   0.534350   0.000063
  0.722139   0.277764   0.000097
  0.416638   0.583163   0.000199
  0.388984   0.610450   0.000566
  0.473869   0.524099   0.002033
  0.383136   0.610224   0.006640
  0.440180   0.550346   0.009474
  0.296741   0.699162   0.004098
  0.388358   0.609520   0.002123
  0.396826   0.602226   0.000949
  0.519455   0.480163   0.000383
  0.438263   0.561514   0.000223
  0.606928   0.392949   0.000123
  0.453432   0.546477   0.000092
  0.558671   0.441257   0.000072
  0.343269   0.656671   0.000060
  0.655241   0.344711   0.000048
  0.485498   0.514460   0.000042
  0.533903   0.466061   0.000036
  0.534463   0.465494   0.000043
  0.518905   0.481030   0.000065
  0.491999   0.507911   0.000090
  0.465789   0.534102   0.000109
  0.479173   0.520707   0.000120
  0.509764   0.490102   0.000134
  0.503445   0.496414   0.000141
  0.502067   0.497722   0.000210
  0.533955   0.465443   0.000602
  0.586230   0.411477   0.002294
  0.539766   0.456558   0.003676
  0.459232   0.537617   0.003151
  0.472174   0.526642   0.001184
  0.566299   0.433141   0.000560
  0.545192   0.454462   0.000346
  0.506510   0.493248   0.000243
  0.454775   0.545049   0.000176
  0.414111   0.585780   0.000109
  0.463772   0.536182   0.000046
  0.509158   0.490823   0.000019
  0.494401   0.505589   0.000010
  0.475046   0.524945   0.000009
  0.594738   0.405248   0.000013
  0.780032   0.219940   0.000029
  0.797339   0.202583   0.000078
  0.748214   0.251578   0.000209
  0.737250   0.262310   0.000440
  0.600216   0.399181   0.000603
  0.757109   0.242198   0.000693
  0.610173   0.389207   0.000621
  0.721334   0.278380   0.000286
  0.493649   0.506253   0.000098
  0.552573   0.447385   0.000042
  0.637755   0.362222   0.000024
  0.458782   0.541196   0.000022
  0.556439   0.443527   0.000035
  0.606705   0.393191   0.000104
  0.430828   0.568698   0.000474
  0.463044   0.535349   0.001607
  0.502757   0.495366   0.001876
  0.441228   0.557398   0.001375
  0.362795   0.636656   0.000549
  0.361721   0.638152   0.000127
  0.444519   0.555436   0.000045
  0.482381   0.517597   0.000022
  0.501338   0.498647   0.000015
  0.504939   0.495049   0.000012
  0.507046   0.492943   0.000011
  0.514971   0.485019   0.000010
  0.520739   0.479251   0.000010
  0.532428   0.467562   0.000010
  0.546347   0.453643   0.000011
  0.526524   0.473466   0.000010
  0.511554   0.488436   0.000010
  0.501426   0.498565   0.000009
  0.491210   0.508781   0.000009
  0.501233   0.498757   0.000009
  0.557127   0.442860   0.000012
  0.632187   0.367796   0.000018
  0.640069   0.359901   0.000031
  0.484766   0.515165   0.000069
  0.557084   0.442752   0.000164
  0.606511   0.393094   0.000395
  0.637775   0.361438   0.000787
  0.561272   0.438083   0.000645
  0.414987   0.584680   0.000333
  0.462766   0.537092   0.000142
  0.449547   0.550378   0.000075
  0.455334   0.544616   0.000050
  0.408661   0.591300   0.000039
  0.476280   0.523689   0.000032
  0.519150   0.480821   0.000029
  0.525049   0.474920   0.000032
  0.510921   0.489026   0.000053
  0.467672   0.532211   0.000117
  0.414983   0.584713   0.000304
  0.430043   0.569367   0.000590
  0.410941   0.588055   0.001004
  0.536485   0.461770   0.001746
  0.458519   0.538489   0.002992
  0.362641   0.634844   0.002515
  0.634013   0.363902   0.002084
  0.433707   0.564011   0.002282
  0.415515   0.581026   0.003458
  0.258971   0.736583   0.004446
  0.479717   0.516878   0.003405
  0.391690   0.606323   0.001987
  0.335724   0.663178   0.001098
  0.327369   0.672000   0.000631
  0.518613   0.480925   0.000462
  0.280717   0.718798   0.000485
  0.277706   0.721799   0.000495
  0.482994   0.516245   0.000760
  0.200033   0.798477   0.001489
  0.236600   0.760776   0.002624
  0.358816   0.637354   0.003829
  0.437009   0.558043   0.004948
  0.487934   0.506638   0.005427
  0.470765   0.523215   0.006021
  0.400481   0.594669   0.004850
  0.321910   0.675489   0.002601
  0.412050   0.586305   0.001645
  0.420436   0.578583   0.000981
  0.361563   0.637730   0.000708
  0.415132   0.584325   0.000543
  0.505262   0.494454   0.000284
  0.466077   0.533831   0.000092
  0.381356   0.618613   0.000031
  0.320549   0.679432   0.000019
  0.363928   0.636052   0.000020
  0.322529   0.677439   0.000032
  0.222437   0.777486   0.000077
  0.387526   0.612188   0.000286
  0.473629   0.525474   0.000896
  0.235664   0.760794   0.003542
  0.460359   0.506144   0.033497
  0.447958   0.532406   0.019636
  0.341190   0.652897   0.005914
  0.466552   0.528373   0.005075
  0.515150   0.475051   0.009799
  0.402973   0.565287   0.031740
  0.352115   0.605409   0.042476
  0.467419   0.505270   0.027310
  0.485471   0.493113   0.021415
  0.452798   0.530587   0.016615
  0.539128   0.445987   0.014885
  0.360021   0.623507   0.016472
  0.515528   0.464807   0.019664
  0.208409   0.767814   0.023777
  0.322678   0.641301   0.036021
  0.272179   0.700637   0.027184
  0.309875   0.663668   0.026457
  0.450247   0.527246   0.022506
  0.488837   0.495236   0.015927
  0.353615   0.631639   0.014746
  0.479763   0.509013   0.011224
  0.372535   0.612499   0.014966
  0.474700   0.497413   0.027887
  0.493823   0.472488   0.033689
  0.427355   0.536550   0.036095
  0.368355   0.601185   0.030459
  0.463407   0.514742   0.021851
  0.347877   0.624990   0.027133
  0.379575   0.593493   0.026932
  0.453666   0.528715   0.017618
  0.428873   0.547146   0.023981
  0.504462   0.467641   0.027897
  0.474743   0.503229   0.022028
  0.415641   0.570493   0.013867
  0.368217   0.617047   0.014736
  0.324387   0.655488   0.020124
  0.386199   0.596564   0.017237
  0.315771   0.665816   0.018414
  0.227698   0.731573   0.040729
  0.335108   0.634426   0.030466
  0.369489   0.617189   0.013323
  0.349283   0.630059   0.020657
  0.507698   0.443955   0.048347
  0.520211   0.448719   0.031069
  0.579048   0.374306   0.046646
  0.397984   0.566979   0.035037
  0.496160   0.457140   0.046700
  0.404038   0.552225   0.043737
  0.480393   0.461530   0.058077
  0.357546   0.617727   0.024727
  0.404207   0.560948   0.034846
  0.386508   0.548143   0.065348
  0.481448   0.484485   0.034067
  0.465618   0.496784   0.037598
  0.460645   0.475885   0.063470
  0.455076   0.476761   0.068163
  0.371912   0.554181   0.073907
  0.410045   0.538006   0.051949
  0.401937   0.501484   0.096579
  0.374618   0.535834   0.089548
  0.312325   0.624925   0.062750
  0.329288   0.587777   0.082935
  0.280637   0.635463   0.083900
  0.125961   0.780931   0.093108
  0.175612   0.743474   0.080914
  0.184221   0.767601   0.048177
  0.181071   0.745036   0.073893
  0.227756   0.730536   0.041707
  0.179648   0.789295   0.031058
  0.154925   0.774670   0.070405
  0.227710   0.742470   0.029820
  0.180447   0.808441   0.011112
  0.289238   0.679351   0.031411
  0.248725   0.715155   0.036120
  0.239821   0.730769   0.029410
  0.166501   0.817907   0.015592
  0.192957   0.782404   0.024639
  0.123196   0.833290   0.043514
  0.100425   0.868253   0.031323
  0.128068   0.847587   0.024345
  0.124706   0.851239   0.024056
  0.102839   0.866687   0.030473
  0.065910   0.894713   0.039377
  0.060563   0.884064   0.055373
  0.052619   0.893165   0.054216
  0.051598   0.897361   0.051040
  0.060336   0.877132   0.062532
  0.036790   0.922128   0.041082
  0.054613   0.879705   0.065682
  0.050060   0.889533   0.060407
  0.065209   0.865435   0.069355
  0.084860   0.846175   0.068965
  0.100393   0.828363   0.071244
  0.125886   0.803566   0.070549
  0.085954   0.872960   0.041086
  0.108987   0.845482   0.045530
  0.085784   0.872798   0.041418
  0.091933   0.854857   0.053211
  0.071832   0.879287   0.048881
  0.087434   0.858640   0.053926
  0.079537   0.876546   0.043917
  0.089802   0.863277   0.046920
  0.049870   0.917632   0.032498
  0.083366   0.849589   0.067046
  0.052036   0.904835   0.043129
  0.087592   0.854874   0.057534
  0.051823   0.915725   0.032452
  0.085121   0.873063   0.041816
  0.051226   0.915725   0.033048
  0.051912   0.889909   0.058179
  0.040258   0.925870   0.033872
  0.056245   0.918378   0.025377
  0.039075   0.931810   0.029115
  0.029288   0.930227   0.040485
  0.015180   0.960670   0.024150
  0.027002   0.947809   0.025189
  0.029430   0.944505   0.026065
  0.020458   0.949161   0.030381
  0.021058   0.937340   0.041602
  0.007430   0.975351   0.017219
  0.018280   0.940284   0.041436
  0.020283   0.947879   0.031838
  0.034278   0.936312   0.029410
  0.030805   0.940381   0.028814
  0.038669   0.917783   0.043548
  0.032200   0.947528   0.020272
  0.055364   0.910072   0.034565
  0.019439   0.955490   0.025071
  0.044153   0.917529   0.038318
  0.044263   0.930840   0.024897
  0.044900   0.916939   0.038161
  0.040150   0.926103   0.033747
  0.043043   0.929529   0.027428
  0.047103   0.919066   0.033832
  0.035469   0.934927   0.029604
  0.059066   0.906731   0.034203
  0.025572   0.962683   0.011745
  0.049280   0.928416   0.022304
  0.008244   0.981069   0.010686
  0.014525   0.960066   0.025410
  0.037243   0.945252   0.017506
  0.049206   0.944867   0.005927
  0.074052   0.921697   0.004250
  0.070838   0.925763   0.003399
  0.058176   0.936219   0.005606
  0.090702   0.891708   0.017590
  0.034808   0.943756   0.021437
  0.021239   0.956175   0.022586
  0.019061   0.954147   0.026792
  0.017369   0.960357   0.022274
  0.019156   0.962903   0.017941
  0.023283   0.961720   0.014996
  0.024377   0.965228   0.010395
  0.029872   0.958913   0.011215
  0.036590   0.945616   0.017794
  0.030509   0.945387   0.024104
  0.026926   0.953277   0.019797
  0.074462   0.897422   0.028116
  0.036048   0.932916   0.031036
  0.096513   0.875021   0.028466
  0.115562   0.876507   0.007930
  0.096513   0.893107   0.010380
  0.050159   0.927270   0.022571
  0.099357   0.885566   0.015077
  0.074325   0.921916   0.003759
  0.084190   0.913197   0.002612
  0.069625   0.924330   0.006044
  0.092732   0.864071   0.043197
  0.080885   0.898324   0.020791
  0.100201   0.887778   0.012021
  0.104313   0.854920   0.040767
  0.086712   0.885998   0.027290
  0.116631   0.860417   0.022952
  0.056759   0.897211   0.046029
  0.083147   0.878739   0.038114
  0.070022   0.910290   0.019688
  0.073766   0.887888   0.038346
  0.032811   0.915427   0.051762
  0.047755   0.925408   0.026837
  0.034227   0.943138   0.022636
  0.026710   0.940450   0.032839
  0.031776   0.951632   0.016591
  0.025000   0.947161   0.027839
  0.022892   0.947530   0.029578
  0.019215   0.938133   0.042652
  0.007407   0.972303   0.020289
  0.010388   0.960122   0.029489
  0.037966   0.862652   0.099382
  0.025102   0.942265   0.032633
  0.017943   0.940965   0.041092
  0.026694   0.928181   0.045125
  0.045905   0.933673   0.020422
  0.037305   0.926953   0.035742
  0.047138   0.880779   0.072083
  0.062846   0.890282   0.046872
  0.067743   0.897772   0.034485
  0.048645   0.890587   0.060768
  0.022366   0.909572   0.068062
  0.024666   0.953802   0.021532
  0.037928   0.949677   0.012394
  0.016855   0.949698   0.033447
  0.010922   0.894258   0.094820
  0.024092   0.924178   0.051730
  0.040034   0.906311   0.053655
  0.022162   0.919757   0.058081
  0.028184   0.914986   0.056831
  0.061289   0.886521   0.052190
  0.045162   0.871949   0.082890
  0.031531   0.837203   0.131266
  0.070732   0.874051   0.055217
  0.036200   0.922122   0.041679
  0.015508   0.901094   0.083398
  0.036314   0.934134   0.029552
  0.034679   0.945341   0.019979
  0.020015   0.941588   0.038397
  0.028130   0.945815   0.026055
  0.048151   0.935538   0.016312
  0.043511   0.934782   0.021707
  0.037350   0.932568   0.030082
  0.062151   0.909783   0.028065
  0.034706   0.945222   0.020072
  0.074394   0.896090   0.029516
  0.040711   0.940797   0.018492
  0.020965   0.962495   0.016540
  0.091304   0.831076   0.077619
  0.037036   0.929158   0.033805
  0.048624   0.899377   0.051999
  0.057185   0.869766   0.073049
  0.040820   0.913398   0.045782
  0.063173   0.893759   0.043068
  0.036402   0.944860   0.018738
  0.040378   0.943280   0.016342
  0.086989   0.886560   0.026451
  0.043447   0.935742   0.020811
  0.086994   0.849638   0.063369
  0.043555   0.914831   0.041614
  0.031262   0.936133   0.032605
  0.061895   0.864359   0.073746
  0.029727   0.938447   0.031825
  0.073013   0.890242   0.036745
  0.053040   0.934326   0.012635
  0.089637   0.901012   0.009351
  0.056185   0.936866   0.006949
  0.110852   0.867200   0.021948
  0.080158   0.853297   0.066545
  0.091153   0.867607   0.041240
  0.069885   0.922066   0.008049
  0.140072   0.852017   0.007911
  0.060217   0.915190   0.024593
  0.035621   0.933654   0.030725
  0.051615   0.937589   0.010795
  0.032736   0.944514   0.022749
  0.017226   0.906244   0.076530
  0.078507   0.891314   0.030180
  0.036794   0.937383   0.025823
  0.028835   0.914704   0.056461
  0.034113   0.936217   0.029670
  0.037513   0.941772   0.020715
  0.048253   0.924083   0.027664
  0.075026   0.880496   0.044479
  0.035313   0.924298   0.040390
  0.027000   0.937572   0.035428
  0.090039   0.879337   0.030624
  0.026932   0.941974   0.031094
  0.039875   0.919418   0.040706
  0.056342   0.936626   0.007032
  0.063409   0.930794   0.005797
  0.070057   0.915695   0.014248
  0.041198   0.931966   0.026836
  0.043566   0.937686   0.018748
  0.073557   0.908341   0.018102
  0.035246   0.943361   0.021394
  0.065104   0.914994   0.019902
  0.048190   0.944764   0.007046
  0.051524   0.943079   0.005397
  0.036294   0.950956   0.012750
  0.010880   0.967729   0.021391
  0.021479   0.969878   0.008644
  0.068701   0.923336   0.007963
  0.012389   0.981600   0.006011
  0.020326   0.960137   0.019537
  0.071671   0.907292   0.021038
  0.041665   0.951104   0.007231
  0.018796   0.976605   0.004599
  0.034161   0.961201   0.004638
  0.081965   0.908413   0.009622
  0.034652   0.938782   0.026567
  0.022103   0.937352   0.040545
  0.045290   0.926988   0.027722
  0.055138   0.927436   0.017426
  0.031202   0.947383   0.021415
  0.063988   0.902239   0.033773
  0.067991   0.893120   0.038889
  0.021592   0.940194   0.038214
  0.033618   0.920728   0.045654
  0.104012   0.859440   0.036548
  0.035770   0.923388   0.040841
  0.060918   0.888108   0.050974
  0.069887   0.884179   0.045934
  0.039431   0.918413   0.042156
  0.063969   0.894027   0.042004
  0.076628   0.893220   0.030152
  0.052938   0.911178   0.035885
  0.051523   0.898804   0.049673
  0.077784   0.883644   0.038572
  0.091487   0.893170   0.015343
  0.063890   0.914856   0.021255
  0.063238   0.888733   0.048029
  0.094968   0.879741   0.025291
  0.045890   0.931519   0.022591
  0.028855   0.937778   0.033367
  0.063983   0.917244   0.018773
  0.055852   0.930531   0.013617
  0.048130   0.928098   0.023772
  0.085100   0.869833   0.045068
  0.107270   0.826487   0.066243
  0.106672   0.801211   0.092118
  0.118919   0.778702   0.102379
  0.047613   0.892155   0.060232
  0.092826   0.869372   0.037802
  0.126384   0.840296   0.033320
  0.066263   0.905234   0.028503
  0.036290   0.941654   0.022056
  0.052351   0.920542   0.027107
  0.077883   0.898651   0.023466
  0.029427   0.938739   0.031834
  0.031872   0.887633   0.080496
  0.078657   0.898983   0.022360
  0.042289   0.947567   0.010144
  0.028941   0.941280   0.029779
  0.063604   0.826613   0.109783
  0.115784   0.833645   0.050571
  0.092832   0.866320   0.040848
  0.063058   0.867353   0.069589
  0.133086   0.795809   0.071104
  0.092687   0.830556   0.076756
  0.059261   0.869990   0.070750
  0.101567   0.811002   0.087431
  0.109335   0.819432   0.071232
  0.068046   0.894681   0.037273
  0.060112   0.873090   0.066798
  0.078267   0.816688   0.105044
  0.051136   0.835713   0.113151
  0.026826   0.837878   0.135296
  0.069003   0.845626   0.085371
  0.029442   0.864268   0.106290
  0.047237   0.875087   0.077675
  0.039741   0.903942   0.056318
  0.028263   0.928833   0.042904
  0.038649   0.909512   0.051839
  0.022043   0.952950   0.025007
  0.049999   0.878783   0.071218
  0.032994   0.922567   0.044439
  0.029536   0.936264   0.034200
  0.032965   0.930264   0.036771
  0.027723   0.942433   0.029843
  0.050422   0.896639   0.052939
  0.035420   0.928858   0.035722
  0.027769   0.944553   0.027677
  0.036151   0.928705   0.035143
  0.025664   0.950680   0.023656
  0.044585   0.922243   0.033171
  0.052716   0.924119   0.023164
  0.084652   0.900740   0.014608
  0.059687   0.932817   0.007495
  0.069363   0.922849   0.007789
  0.052444   0.939602   0.007954
  0.064105   0.924018   0.011877
  0.045190   0.945328   0.009482
  0.032568   0.961092   0.006340
  0.094792   0.890832   0.014377
  0.054938   0.935692   0.009370
  0.100941   0.888528   0.010531
  0.066995   0.926916   0.006089
  0.080305   0.915486   0.004208
  0.048261   0.949322   0.002417
  0.083805   0.913894   0.002301
  0.050891   0.946965   0.002144
  0.100674   0.894709   0.004617
  0.036908   0.958186   0.004906
  0.060209   0.929081   0.010710
  0.083421   0.897305   0.019274
  0.067570   0.917405   0.015026
  0.147131   0.835996   0.016873
  0.083069   0.906685   0.010246
  0.096893   0.890117   0.012990
  0.117746   0.866152   0.016101
  0.078610   0.915958   0.005433
  0.137328   0.859795   0.002877
  0.118432   0.879632   0.001936
  0.161997   0.835624   0.002380
  0.113600   0.883306   0.003094
  0.126253   0.868717   0.005030
  0.118145   0.876629   0.005226
  0.119904   0.876863   0.003232
  0.123539   0.874835   0.001626
  0.111000   0.888215   0.000785
  0.126250   0.873335   0.000416
  0.069925   0.929927   0.000148
  0.121255   0.878644   0.000101
  0.140440   0.859488   0.000072
  0.124898   0.875062   0.000041
  0.147272   0.852703   0.000025
  0.135580   0.864401   0.000018
  0.205010   0.794974   0.000016
  0.106495   0.893484   0.000021
  0.163247   0.836723   0.000030
  0.454417   0.545541   0.000042
  0.479839   0.520116   0.000044
  0.380499   0.619458   0.000043
  0.344855   0.655100   0.000045
  0.404619   0.595340   0.000041
  0.408763   0.591189   0.000047
  0.235717   0.764236   0.000047
  0.207663   0.792295   0.000042
  0.138553   0.861410   0.000037
  0.215706   0.784249   0.000045
  0.243693   0.756249   0.000058
  0.121031   0.878913   0.000056
  0.198991   0.800956   0.000053
  0.125063   0.874902   0.000035
  0.217002   0.782973   0.000026
  0.210348   0.789631   0.000021
  0.174354   0.825627   0.000019
  0.180616   0.819365   0.000019
  0.156663   0.843317   0.000020
  0.159632   0.840346   0.000023
  0.145619   0.854349   0.000031
  0.134885   0.865044   0.000071
  0.110194   0.889614   0.000192
  0.043808   0.955548   0.000644
  0.043903   0.952915   0.003182
  0.045173   0.949551   0.005275
  0.047868   0.950953   0.001180
  0.083684   0.916031   0.000285
  0.046500   0.953403   0.000096
  0.039997   0.959945   0.000057
  0.039991   0.959970   0.000039
  0.042653   0.957316   0.000032
  0.051649   0.948322   0.000028
  0.042490   0.957487   0.000023
  0.027558   0.972423   0.000019
  0.033499   0.966484   0.000017
  0.056658   0.943326   0.000017
  0.041470   0.958512   0.000019
  0.040187   0.959785   0.000029
  0.057327   0.942614   0.000059
  0.082925   0.916950   0.000125
  0.058051   0.941363   0.000586
  0.074920   0.920175   0.004905
  0.136779   0.839615   0.023606
  0.167998   0.825799   0.006202
  0.115592   0.882483   0.001925
  0.113643   0.885515   0.000843
  0.199924   0.799444   0.000632
  0.286770   0.712686   0.000544
  0.148652   0.850833   0.000515
  0.177300   0.822193   0.000507
  0.147864   0.851773   0.000363
  0.173495   0.826299   0.000206
  0.121180   0.878703   0.000117
  0.191221   0.808713   0.000066
  0.186488   0.813450   0.000062
  0.134959   0.864967   0.000075
  0.205969   0.793891   0.000140
  0.221092   0.778525   0.000383
  0.176334   0.822582   0.001083
  0.291327   0.702742   0.005932
  0.187680   0.781666   0.030654
  0.179240   0.808851   0.011909
  0.175039   0.819631   0.005329
  0.080033   0.913817   0.006150
  0.097845   0.883865   0.018290
  0.089059   0.870680   0.040261
  0.063541   0.924923   0.011536
  0.131092   0.859735   0.009173
  0.078421   0.911862   0.009717
  0.146833   0.821845   0.031322
  0.091042   0.865529   0.043429
  0.095698   0.879789   0.024513
  0.086800   0.898968   0.014232
  0.078269   0.908123   0.013608
  0.078661   0.897735   0.023604
  0.057660   0.903603   0.038736
  0.053033   0.903911   0.043055
  0.096422   0.841045   0.062533
  0.038850   0.939199   0.021951
  0.059643   0.903884   0.036473
  0.044489   0.906388   0.049123
  0.034555   0.925555   0.039890
  0.074923   0.855246   0.069830
  0.060870   0.886443   0.052687
  0.045996   0.906654   0.047350
  0.031356   0.920200   0.048444
  0.050269   0.896088   0.053643
  0.072926   0.897870   0.029204
  0.067273   0.898570   0.034157
  0.080241   0.826686   0.093073
  0.035702   0.910920   0.053378
  0.073826   0.846425   0.079749
  0.068840   0.885816   0.045344
  0.074944   0.869708   0.055348
  0.062206   0.874545   0.063249
  0.147375   0.810318   0.042307
  0.068930   0.907089   0.023981
  0.076841   0.866303   0.056856
  0.051660   0.920185   0.028155
  0.074980   0.904137   0.020884
  0.115055   0.858288   0.026657
  0.036506   0.932628   0.030866
  0.093905   0.866076   0.040019
  0.054929   0.930678   0.014393
  0.061202   0.901852   0.036946
  0.023501   0.942147   0.034352
  0.074297   0.893364   0.032339
  0.034380   0.938988   0.026631
  0.054756   0.902408   0.042836
  0.056570   0.923655   0.019776
  0.075720   0.902258   0.022021
  0.089191   0.861535   0.049273
  0.084990   0.897128   0.017883
  0.125077   0.855151   0.019772
  0.120446   0.854031   0.025524
  0.088725   0.886788   0.024487
  0.093558   0.884805   0.021638
  0.077612   0.903817   0.018571
  0.063731   0.913026   0.023243
  0.101985   0.849991   0.048024
  0.042053   0.919779   0.038168
  0.074307   0.851613   0.074079
  0.032458   0.929743   0.037800
  0.057706   0.850559   0.091735
  0.048194   0.916477   0.035329
  0.095949   0.876415   0.027637
  0.076301   0.910769   0.012930
  0.164189   0.818742   0.017069
  0.102089   0.878047   0.019864
  0.102465   0.872646   0.024889
  0.112917   0.867987   0.019095
  0.089110   0.898214   0.012677
  0.096664   0.889762   0.013573
  0.097184   0.888782   0.014035
  0.061026   0.926347   0.012627
  0.091781   0.891787   0.016432
  0.100665   0.887227   0.012108
  0.092795   0.898921   0.008284
  0.113931   0.875289   0.010780
  0.106706   0.866146   0.027148
  0.054541   0.930441   0.015018
  0.073481   0.904409   0.022110
  0.049659   0.926689   0.023652
  0.074801   0.909716   0.015483
  0.066430   0.920880   0.012690
  0.095540   0.887230   0.017230
  0.051179   0.935723   0.013099
  0.054000   0.932390   0.013611
  0.078942   0.904059   0.017000
  0.044396   0.941292   0.014313
  0.050811   0.936696   0.012493
  0.042958   0.944568   0.012474
  0.041198   0.950321   0.008482
  0.042077   0.949208   0.008715
  0.037206   0.943159   0.019634
  0.052420   0.932136   0.015444
  0.060084   0.928886   0.011030
  0.062907   0.913747   0.023346
  0.040077   0.950582   0.009341
  0.081917   0.909833   0.008250
  0.051682   0.938440   0.009878
  0.092508   0.880274   0.027218
  0.039247   0.952425   0.008328
  0.069191   0.921617   0.009192
  0.031838   0.957454   0.010708
  0.052394   0.924882   0.022724
  0.032313   0.952312   0.015375
  0.049217   0.932921   0.017862
  0.083478   0.896461   0.020061
  0.148300   0.830421   0.021279
  0.079070   0.905472   0.015458
  0.122672   0.850170   0.027158
  0.127701   0.856480   0.015819
  0.184182   0.807597   0.008221
  0.166185   0.827697   0.006118
  0.246688   0.744748   0.008564
  0.159480   0.821030   0.019491
  0.193617   0.754336   0.052047
  0.307102   0.682717   0.010181
  0.125166   0.872977   0.001857
  0.258766   0.740320   0.000914
  0.094566   0.905102   0.000332
  0.134510   0.865239   0.000251
  0.091671   0.908154   0.000175
  0.114729   0.885126   0.000145
  0.086168   0.913759   0.000073
  0.166793   0.833143   0.000064
  0.117809   0.882129   0.000061
  0.114247   0.885689   0.000063
  0.133980   0.865944   0.000076
  0.093191   0.906717   0.000093
  0.104795   0.895112   0.000093
  0.097520   0.902393   0.000087
  0.076206   0.923707   0.000087
  0.058781   0.941104   0.000115
  0.113718   0.886032   0.000251
  0.083274   0.916375   0.000351
  0.080006   0.919332   0.000663
  0.093081   0.905543   0.001376
  0.066907   0.930083   0.003010
  0.135789   0.859276   0.004935
  0.109374   0.888017   0.002610
  0.104961   0.893634   0.001405
  0.069284   0.930161   0.000555
  0.104975   0.894742   0.000283
  0.048818   0.951093   0.000089
  0.057471   0.942481   0.000048
  0.050981   0.948991   0.000028
  0.059648   0.940333   0.000019
  0.041824   0.958159   0.000017
  0.047012   0.952971   0.000018
  0.103235   0.896749   0.000016
  0.076148   0.923836   0.000016
  0.116599   0.883384   0.000016
  0.109904   0.890080   0.000016
  0.064776   0.935207   0.000017
  0.091631   0.908350   0.000019
  0.069682   0.930290   0.000027
  0.046579   0.953354   0.000067
  0.065108   0.934642   0.000250
  0.081095   0.917968   0.000937
  0.086635   0.912007   0.001358
  0.072912   0.926623   0.000465
  0.054569   0.945314   0.000117
  0.073806   0.926157   0.000037
  0.055532   0.944446   0.000022
  0.044347   0.955634   0.000019
  0.065545   0.934437   0.000017
  0.049579   0.950403   0.000018
  0.066878   0.933105   0.000017
  0.075084   0.924899   0.000017
  0.080521   0.919461   0.000018
  0.125714   0.874268   0.000019
  0.197998   0.801984   0.000018
  0.184970   0.815009   0.000021
  0.121421   0.878555   0.000024
  0.220124   0.779851   0.000024
  0.297596   0.702377   0.000027
  0.163392   0.836579   0.000029
  0.127744   0.872232   0.000025
  0.201945   0.798036   0.000019
  0.175443   0.824542   0.000014
  0.162015   0.837969   0.000015
  0.246013   0.753962   0.000025
  0.146309   0.853652   0.000039
  0.252288   0.747640   0.000072
  0.262459   0.737448   0.000093
  0.207004   0.792899   0.000097
  0.188157   0.811744   0.000100
  0.287616   0.712276   0.000108
  0.152995   0.846911   0.000094
  0.274857   0.725015   0.000128
  0.090123   0.909808   0.000069
  0.208981   0.790963   0.000056
  0.135557   0.864405   0.000038
  0.127148   0.872820   0.000031
  0.206054   0.793923   0.000023
  0.172022   0.827958   0.000019
  0.197962   0.802020   0.000018
  0.259197   0.740787   0.000016
  0.217457   0.782526   0.000018
  0.238267   0.761714   0.000020
  0.280418   0.719557   0.000025
  0.198534   0.801435   0.000032
  0.126702   0.873262   0.000036
  0.170527   0.829428   0.000045
  0.090067   0.909862   0.000070
  0.107035   0.892785   0.000179
  0.086271   0.913295   0.000435
  0.050739   0.948501   0.000761
  0.108411   0.891018   0.000570
  0.098464   0.901333   0.000203
  0.071272   0.928634   0.000094
  0.170635   0.829321   0.000044
  0.212479   0.787498   0.000023
  0.218350   0.781634   0.000016
  0.216985   0.783001   0.000014
  0.248508   0.751479   0.000014
  0.247627   0.752357   0.000016
  0.302218   0.697762   0.000020
  0.151315   0.848659   0.000026
  0.154374   0.845598   0.000028
  0.138280   0.861692   0.000028
  0.131526   0.868445   0.000029
  0.170831   0.829140   0.000029
  0.131928   0.868036   0.000037
  0.144737   0.855221   0.000042
  0.143425   0.856519   0.000056
  0.125625   0.874297   0.000078
  0.183851   0.816024   0.000124
  0.211461   0.788313   0.000226
  0.140736   0.858790   0.000474
  0.187758   0.811392   0.000850
  0.142570   0.856886   0.000544
  0.194768   0.804929   0.000303
  0.179359   0.820476   0.000165
  0.180660   0.819214   0.000125
  0.120944   0.878933   0.000123
  0.180345   0.819489   0.000166
  0.140590   0.859286   0.000124
  0.197217   0.802624   0.000159
  0.106356   0.893410   0.000234
  0.166552   0.832983   0.000465
  0.116508   0.882752   0.000739
  0.189092   0.809214   0.001694
  0.156235   0.840983   0.002782
  0.212911   0.784008   0.003081
  0.274019   0.723658   0.002323
  0.188280   0.810537   0.001184
  0.248547   0.750977   0.000476
  0.211545   0.788269   0.000186
  0.188541   0.811372   0.000088
  0.286487   0.713462   0.000050
  0.335597   0.664367   0.000036
  0.244793   0.755160   0.000047
  0.291305   0.708638   0.000057
  0.363313   0.636602   0.000085
  0.224045   0.775834   0.000121
  0.424966   0.574819   0.000215
  0.302396   0.697276   0.000328
  0.374234   0.625257   0.000509
  0.227485   0.771977   0.000538
  0.231750   0.767557   0.000693
  0.339340   0.659621   0.001039
  0.114765   0.884032   0.001203
  0.197887   0.798704   0.003409
  0.127235   0.866769   0.005996
  0.107121   0.883866   0.009014
  0.115888   0.875694   0.008418
  0.166694   0.826946   0.006360
  0.138517   0.858621   0.002861
  0.223874   0.774094   0.002033
  0.196566   0.801290   0.002144
  0.123600   0.872019   0.004381
  0.235645   0.729969   0.034386
  0.176736   0.808219   0.015044
  0.112020   0.878110   0.009870
  0.125791   0.854675   0.019534
  0.099288   0.860222   0.040490
  0.109170   0.864238   0.026592
  0.134796   0.841740   0.023464
  0.179571   0.784114   0.036315
  0.117173   0.869216   0.013611
  0.166990   0.823314   0.009695
  0.105508   0.866886   0.027606
  0.203741   0.775743   0.020516
  0.114878   0.878372   0.006750
  0.314389   0.674703   0.010907
  0.090116   0.875497   0.034387
  0.193784   0.753334   0.052882
  0.196864   0.773625   0.029511
  0.074389   0.850005   0.075606
  0.144958   0.815537   0.039505
  0.159238   0.831615   0.009147
  0.192703   0.792893   0.014404
  0.186620   0.770315   0.043065
  0.104474   0.881044   0.014482
  0.236339   0.757089   0.006572
  0.115446   0.877082   0.007472
  0.155350   0.817982   0.026668
  0.105325   0.881764   0.012911
  0.112549   0.879782   0.007669
  0.048514   0.935163   0.016322
  0.085220   0.880011   0.034769
  0.156279   0.835942   0.007779
  0.069198   0.923736   0.007065
  0.138825   0.828497   0.032678
  0.041168   0.933880   0.024952
  0.173763   0.806194   0.020043
  0.077736   0.910458   0.011806
  0.069752   0.900576   0.029672
  0.066797   0.906802   0.026401
  0.077792   0.907946   0.014261
  0.085857   0.893671   0.020472
  0.061932   0.879601   0.058467
  0.076202   0.881010   0.042788
  0.053395   0.927880   0.018725
  0.071319   0.887230   0.041451
  0.059848   0.893219   0.046933
  0.096546   0.878927   0.024527
  0.083340   0.872934   0.043726
  0.074864   0.890781   0.034355
  0.109051   0.862236   0.028713
  0.108570   0.833605   0.057825
  0.057098   0.914645   0.028258
  0.088062   0.877924   0.034014
  0.070125   0.900347   0.029528
  0.094665   0.870519   0.034816
  0.050350   0.926072   0.023578
  0.062037   0.910167   0.027796
  0.070039   0.905339   0.024622
  0.053552   0.926389   0.020059
  0.063275   0.913144   0.023581
  0.056774   0.916759   0.026467
  0.036834   0.934214   0.028952
  0.033484   0.930189   0.036327
  0.052004   0.911043   0.036953
  0.065094   0.916750   0.018155
  0.077984   0.903528   0.018487
  0.068062   0.909448   0.022491
  0.073084   0.889326   0.037590
  0.057203   0.890672   0.052126
  0.033689   0.933969   0.032342
  0.045420   0.911051   0.043529
  0.044920   0.910700   0.044380
  0.024591   0.952422   0.022987
  0.044235   0.916974   0.038791
  0.042405   0.928889   0.028706
  0.076910   0.900026   0.023065
  0.052591   0.936852   0.010557
  0.073447   0.919645   0.006908
  0.055500   0.940217   0.004283
  0.090705   0.905271   0.004025
  0.063123   0.932273   0.004604
  0.119796   0.859614   0.020590
  0.018342   0.968696   0.012962
  0.018344   0.964610   0.017046
  0.029984   0.943025   0.026991
  0.012631   0.976497   0.010872
  0.022540   0.955066   0.022394
  0.012556   0.972217   0.015227
  0.009164   0.981002   0.009834
  0.041377   0.935091   0.023532
  0.034341   0.958002   0.007657
  0.026923   0.970490   0.002587
  0.070639   0.927173   0.002187
  0.017158   0.982093   0.000749
  0.042747   0.956269   0.000984
  0.048186   0.950764   0.001049
  0.041529   0.957694   0.000777
  0.052661   0.946740   0.000599
  0.027145   0.972539   0.000315
  0.076688   0.922989   0.000324
  0.043821   0.955914   0.000265
  0.038631   0.961111   0.000258
  0.074747   0.924891   0.000362
