  0.020770   0.963062   0.016168
  0.017949   0.972471   0.009579
  0.015609   0.977299   0.007092
  0.023675   0.963772   0.012554
  0.024089   0.956867   0.019044
  0.012529   0.974366   0.013105
  0.027356   0.959373   0.013271
  0.007366   0.986403   0.006232
  0.003401   0.992698   0.003901
  0.006503   0.988702   0.004795
  0.033107   0.944484   0.022408
  0.006889   0.979093   0.014018
  0.002373   0.986680   0.010947
  0.003049   0.984373   0.012578
  0.007298   0.984800   0.007902
  0.020036   0.973448   0.006516
  0.010967   0.981999   0.007033
  0.005806   0.986712   0.007483
  0.006077   0.981852   0.012071
  0.006653   0.980421   0.012927
  0.011733   0.976411   0.011856
  0.013293   0.970138   0.016569
  0.011652   0.966232   0.022116
  0.016840   0.970287   0.012873
  0.012284   0.981564   0.006151
  0.011498   0.981727   0.006774
  0.008382   0.978095   0.013524
  0.004800   0.981307   0.013894
  0.002393   0.988680   0.008927
  0.001167   0.992785   0.006048
  0.001142   0.990073   0.008786
  0.001139   0.987137   0.011724
  0.000995   0.989669   0.009336
  0.001086   0.987709   0.011205
  0.000838   0.988693   0.010469
  0.000687   0.992472   0.006841
  0.000541   0.994512   0.004947
  0.000436   0.995355   0.004209
  0.000506   0.995541   0.003952
  0.001067   0.994615   0.004318
  0.004178   0.987076   0.008746
  0.010764   0.978935   0.010301
  0.010236   0.984531   0.005234
  0.010608   0.984962   0.004430
  0.022371   0.969059   0.008569
  0.019936   0.969399   0.010665
  0.011670   0.979822   0.008508
  0.012167   0.976944   0.010889
  0.029687   0.943261   0.027052
  0.014265   0.978947   0.006788
  0.033122   0.962792   0.004086
  0.023338   0.975340   0.001322
  0.016155   0.983214   0.000631
  0.048741   0.950068   0.001191
  0.020690   0.978439   0.000871
  0.020845   0.977890   0.001264
  0.019481   0.978646   0.001873
  0.022268   0.973941   0.003791
  0.022992   0.967693   0.009315
  0.007512   0.984031   0.008457
  0.005202   0.982400   0.012398
  0.005744   0.977714   0.016542
  0.006348   0.986001   0.007651
  0.017895   0.973302   0.008803
  0.018187   0.976402   0.005411
  0.004422   0.993817   0.001761
  0.003464   0.994295   0.002241
  0.006864   0.984195   0.008941
  0.011259   0.966415   0.022327
  0.006497   0.988438   0.005065
  0.007769   0.990230   0.002001
  0.018817   0.979579   0.001605
  0.013326   0.985620   0.001055
  0.005607   0.993735   0.000657
  0.006514   0.992826   0.000660
  0.021066   0.978251   0.000683
  0.033351   0.965817   0.000832
  0.010642   0.988241   0.001117
  0.008070   0.990466   0.001464
  0.032125   0.964402   0.003473
  0.021518   0.973115   0.005366
  0.005484   0.990853   0.003663
  0.008842   0.987767   0.003391
  0.039670   0.954695   0.005634
  0.013057   0.984267   0.002677
  0.026124   0.970832   0.003044
  0.030518   0.967243   0.002240
  0.010688   0.988158   0.001154
  0.018650   0.979379   0.001971
  0.050511   0.942822   0.006668
  0.010473   0.983348   0.006179
  0.016451   0.973514   0.010034
  0.032746   0.958845   0.008408
  0.028158   0.969539   0.002303
  0.054051   0.944281   0.001668
  0.034942   0.963730   0.001328
  0.043479   0.954570   0.001951
  0.030603   0.966771   0.002626
  0.026110   0.970230   0.003660
  0.035426   0.956912   0.007662
  0.022175   0.969908   0.007918
  0.034592   0.948724   0.016684
  0.024501   0.962551   0.012949
  0.041156   0.942858   0.015986
  0.032043   0.953680   0.014277
  0.012400   0.969830   0.017770
  0.014180   0.938776   0.047045
  0.009366   0.975535   0.015099
  0.050158   0.924568   0.025274
  0.024409   0.954701   0.020889
  0.019467   0.943386   0.037147
  0.045831   0.922268   0.031901
  0.041983   0.948554   0.009463
  0.041800   0.952243   0.005957
  0.060685   0.929380   0.009935
  0.047816   0.934735   0.017449
  0.039057   0.927649   0.033294
  0.032937   0.939027   0.028037
  0.091405   0.876714   0.031881
  0.046225   0.940234   0.013541
  0.086238   0.892845   0.020917
  0.070536   0.912206   0.017258
  0.044790   0.944530   0.010681
  0.053657   0.932702   0.013641
  0.072365   0.904789   0.022846
  0.054640   0.923870   0.021490
  0.061309   0.916597   0.022095
  0.041625   0.943673   0.014702
  0.048264   0.935671   0.016065
  0.033720   0.956060   0.010219
  0.039121   0.952408   0.008471
  0.041180   0.949831   0.008989
  0.011664   0.983740   0.004596
  0.009232   0.985633   0.005135
  0.041355   0.930040   0.028605
  0.027417   0.949927   0.022656
  0.007524   0.986712   0.005765
  0.012327   0.979278   0.008395
  0.044024   0.925107   0.030869
  0.021180   0.959326   0.019494
  0.020103   0.960746   0.019151
  0.038960   0.926544   0.034495
  0.026841   0.947973   0.025186
  0.030026   0.941710   0.028264
  0.034292   0.930976   0.034732
  0.014828   0.966797   0.018375
  0.011318   0.973860   0.014823
  0.014551   0.966316   0.019133
  0.018947   0.966616   0.014436
  0.023649   0.968320   0.008031
  0.017771   0.978733   0.003495
  0.011588   0.986684   0.001728
  0.006184   0.992929   0.000887
  0.009253   0.989393   0.001354
  0.015752   0.980205   0.004043
  0.010440   0.975754   0.013806
  0.004041   0.956242   0.039716
  0.001148   0.973177   0.025675
  0.000557   0.980191   0.019252
  0.000453   0.970161   0.029386
  0.000478   0.911404   0.088119
  0.000588   0.926339   0.073073
  0.000914   0.917704   0.081382
  0.001421   0.948644   0.049936
  0.004329   0.932498   0.063174
  0.015931   0.903407   0.080662
  0.006684   0.970948   0.022368
  0.002604   0.960744   0.036652
  0.001160   0.957091   0.041750
  0.000480   0.983267   0.016253
  0.000317   0.986800   0.012883
  0.000217   0.983832   0.015950
  0.000150   0.980788   0.019062
  0.000077   0.995291   0.004632
  0.000047   0.997583   0.002370
  0.000036   0.998214   0.001750
  0.000029   0.998669   0.001302
  0.000030   0.998478   0.001492
  0.000039   0.997808   0.002153
  0.000069   0.992443   0.007488
  0.000120   0.965844   0.034036
  0.000093   0.989742   0.010165
  0.000074   0.998033   0.001893
  0.000095   0.999391   0.000514
  0.000213   0.999543   0.000243
  0.000760   0.999099   0.000141
  0.003311   0.996610   0.000079
  0.013478   0.986472   0.000049
  0.004034   0.995938   0.000028
  0.001221   0.998761   0.000018
  0.000987   0.998994   0.000019
  0.001007   0.998957   0.000035
  0.001111   0.998807   0.000082
  0.001249   0.998476   0.000275
  0.001606   0.997588   0.000806
  0.002149   0.995569   0.002282
  0.001451   0.995594   0.002955
  0.000551   0.998031   0.001418
  0.000331   0.999083   0.000587
  0.000314   0.999448   0.000238
  0.000333   0.999530   0.000137
  0.000492   0.999416   0.000092
  0.000475   0.999467   0.000058
  0.000661   0.999304   0.000036
  0.001009   0.998969   0.000022
  0.001535   0.998446   0.000019
  0.001822   0.998152   0.000026
  0.002078   0.997877   0.000045
  0.002147   0.997763   0.000090
  0.002091   0.997700   0.000208
  0.002676   0.996894   0.000429
  0.004159   0.995253   0.000588
  0.003009   0.996590   0.000401
  0.001420   0.998351   0.000229
  0.000833   0.999019   0.000148
  0.000381   0.999529   0.000090
  0.000222   0.999711   0.000067
  0.000121   0.999827   0.000052
  0.000058   0.999895   0.000047
  0.000030   0.999935   0.000035
  0.000029   0.999942   0.000029
  0.000034   0.999942   0.000024
  0.000036   0.999945   0.000019
  0.000049   0.999933   0.000018
  0.000058   0.999924   0.000018
  0.000097   0.999886   0.000017
  0.000195   0.999788   0.000017
  0.000411   0.999570   0.000019
  0.001199   0.998778   0.000023
  0.002134   0.997833   0.000033
  0.001142   0.998809   0.000049
  0.000388   0.999526   0.000086
  0.000119   0.999751   0.000130
  0.000046   0.999784   0.000169
  0.000025   0.999574   0.000401
  0.000024   0.998457   0.001519
  0.000028   0.995764   0.004208
  0.000034   0.992866   0.007100
  0.000046   0.996291   0.003664
  0.000059   0.998320   0.001621
  0.000079   0.999191   0.000730
  0.000100   0.999579   0.000321
  0.000141   0.999684   0.000175
  0.000222   0.999622   0.000156
  0.000431   0.999339   0.000230
  0.000699   0.998953   0.000348
  0.000642   0.998956   0.000402
  0.000384   0.999126   0.000490
  0.000294   0.999008   0.000698
  0.000227   0.998576   0.001196
  0.000134   0.997902   0.001964
  0.000071   0.997380   0.002549
  0.000040   0.997727   0.002233
  0.000026   0.998164   0.001810
  0.000019   0.997982   0.001999
  0.000017   0.997482   0.002501
  0.000017   0.997271   0.002712
  0.000018   0.998123   0.001860
  0.000019   0.998985   0.000996
  0.000020   0.999135   0.000845
  0.000025   0.999278   0.000697
  0.000039   0.999136   0.000825
  0.000092   0.998289   0.001619
  0.000232   0.996329   0.003440
  0.000487   0.995449   0.004064
  0.000591   0.997809   0.001600
  0.000441   0.999218   0.000341
  0.000443   0.999453   0.000104
  0.000390   0.999553   0.000056
  0.000265   0.999692   0.000043
  0.000173   0.999775   0.000053
  0.000137   0.999759   0.000103
  0.000112   0.999619   0.000268
  0.000125   0.998997   0.000878
  0.000171   0.996480   0.003349
  0.000251   0.992122   0.007627
  0.000161   0.996583   0.003256
  0.000066   0.999231   0.000703
  0.000035   0.999734   0.000232
  0.000020   0.999839   0.000141
  0.000017   0.999861   0.000122
  0.000027   0.999836   0.000137
  0.000083   0.999649   0.000268
  0.000250   0.999400   0.000350
  0.000537   0.999104   0.000359
  0.000841   0.998822   0.000336
  0.000849   0.998793   0.000358
  0.000691   0.998949   0.000360
  0.000364   0.999331   0.000306
  0.000227   0.999519   0.000254
  0.000151   0.999674   0.000175
  0.000141   0.999737   0.000122
  0.000130   0.999798   0.000072
  0.000195   0.999755   0.000050
  0.000307   0.999660   0.000033
  0.000557   0.999417   0.000026
  0.000786   0.999190   0.000024
  0.000766   0.999210   0.000024
  0.000418   0.999551   0.000031
  0.000242   0.999716   0.000042
  0.000151   0.999758   0.000091
  0.000108   0.999729   0.000163
  0.000076   0.999772   0.000152
  0.000059   0.999822   0.000119
  0.000053   0.999858   0.000089
  0.000061   0.999875   0.000063
  0.000107   0.999837   0.000056
  0.000309   0.999621   0.000070
  0.001027   0.998833   0.000140
  0.003068   0.996540   0.000392
  0.003186   0.995779   0.001035
  0.001089   0.997908   0.001003
  0.000319   0.999011   0.000670
  0.000151   0.999330   0.000518
  0.000188   0.999251   0.000561
  0.000266   0.999128   0.000606
  0.000478   0.998733   0.000788
  0.000777   0.998526   0.000697
  0.000524   0.999252   0.000224
  0.000191   0.999750   0.000059
  0.000087   0.999885   0.000028
  0.000047   0.999931   0.000022
  0.000029   0.999953   0.000018
  0.000022   0.999962   0.000017
  0.000019   0.999963   0.000018
  0.000020   0.999960   0.000020
  0.000026   0.999953   0.000021
  0.000034   0.999947   0.000019
  0.000060   0.999923   0.000017
  0.000138   0.999845   0.000018
  0.000353   0.999626   0.000021
  0.000645   0.999333   0.000022
  0.000924   0.999055   0.000021
  0.000634   0.999347   0.000019
  0.000512   0.999468   0.000020
  0.000440   0.999540   0.000021
  0.000263   0.999718   0.000019
  0.000153   0.999829   0.000018
  0.000156   0.999820   0.000024
  0.000185   0.999769   0.000046
  0.000300   0.999588   0.000112
  0.000447   0.999286   0.000267
  0.000415   0.999215   0.000370
  0.000325   0.999340   0.000335
  0.000212   0.999548   0.000240
  0.000098   0.999793   0.000109
  0.000040   0.999916   0.000044
  0.000022   0.999953   0.000025
  0.000018   0.999961   0.000021
  0.000018   0.999960   0.000022
  0.000023   0.999950   0.000027
  0.000033   0.999930   0.000037
  0.000043   0.999908   0.000049
  0.000062   0.999872   0.000066
  0.000072   0.999858   0.000069
  0.000077   0.999863   0.000060
  0.000070   0.999873   0.000057
  0.000065   0.999865   0.000070
  0.000066   0.999831   0.000103
  0.000063   0.999814   0.000123
  0.000068   0.999797   0.000136
  0.000067   0.999810   0.000124
  0.000066   0.999826   0.000108
  0.000057   0.999859   0.000084
  0.000043   0.999905   0.000052
  0.000027   0.999943   0.000030
  0.000020   0.999958   0.000022
  0.000023   0.999953   0.000023
  0.000040   0.999926   0.000033
  0.000113   0.999816   0.000071
  0.000406   0.999404   0.000190
  0.000674   0.999044   0.000282
  0.000634   0.999140   0.000226
  0.000338   0.999549   0.000113
  0.000198   0.999724   0.000078
  0.000088   0.999854   0.000059
  0.000043   0.999912   0.000044
  0.000027   0.999920   0.000053
  0.000025   0.999892   0.000083
  0.000036   0.999778   0.000186
  0.000083   0.999272   0.000645
  0.000144   0.998931   0.000925
  0.000127   0.999597   0.000277
  0.000107   0.999796   0.000096
  0.000073   0.999885   0.000042
  0.000043   0.999929   0.000028
  0.000033   0.999939   0.000028
  0.000025   0.999937   0.000037
  0.000023   0.999917   0.000061
  0.000021   0.999895   0.000084
  0.000023   0.999869   0.000108
  0.000031   0.999857   0.000112
  0.000049   0.999805   0.000146
  0.000103   0.999580   0.000316
  0.000296   0.998985   0.000719
  0.001051   0.997785   0.001164
  0.005503   0.993613   0.000884
  0.014427   0.985069   0.000503
  0.005134   0.994637   0.000229
  0.001617   0.998217   0.000166
  0.000953   0.998895   0.000152
  0.000857   0.999034   0.000109
  0.000875   0.999052   0.000074
  0.001746   0.998164   0.000091
  0.003547   0.996336   0.000117
  0.007228   0.992643   0.000129
  0.009210   0.990634   0.000157
  0.010100   0.989661   0.000240
  0.008568   0.990906   0.000526
  0.004375   0.994596   0.001029
  0.002365   0.996515   0.001120
  0.002571   0.996441   0.000988
  0.004311   0.994759   0.000931
  0.007886   0.991103   0.001011
  0.011539   0.987368   0.001093
  0.009220   0.989965   0.000815
  0.004936   0.994648   0.000417
  0.003955   0.995778   0.000268
  0.007015   0.992638   0.000347
  0.013528   0.985720   0.000752
  0.009679   0.989217   0.001104
  0.006026   0.992424   0.001550
  0.005073   0.991879   0.003049
  0.006542   0.987329   0.006129
  0.007384   0.986105   0.006511
  0.008754   0.986054   0.005192
  0.013727   0.982737   0.003536
  0.015736   0.982762   0.001502
  0.006510   0.993115   0.000374
  0.006595   0.993185   0.000220
  0.011980   0.987833   0.000187
  0.009815   0.990047   0.000138
  0.006659   0.993208   0.000133
  0.012247   0.987510   0.000242
  0.027236   0.972237   0.000528
  0.008048   0.991399   0.000553
  0.005368   0.993850   0.000782
  0.011044   0.987168   0.001788
  0.034988   0.961277   0.003735
  0.014326   0.979936   0.005739
  0.007847   0.984140   0.008014
  0.011033   0.981580   0.007388
  0.031352   0.964317   0.004331
  0.025853   0.972024   0.002123
  0.008826   0.990124   0.001050
  0.007222   0.992166   0.000612
  0.016266   0.983311   0.000423
  0.053642   0.946089   0.000269
  0.025799   0.974037   0.000165
  0.011635   0.988269   0.000097
  0.020548   0.979402   0.000050
  0.045493   0.954477   0.000030
  0.021872   0.978107   0.000021
  0.011284   0.988698   0.000018
  0.014507   0.985470   0.000022
  0.034576   0.965370   0.000054
  0.040066   0.959733   0.000202
  0.030585   0.968568   0.000847
  0.027281   0.968637   0.004082
  0.032357   0.954657   0.012986
  0.035265   0.957678   0.007057
  0.019303   0.978605   0.002092
  0.030558   0.968823   0.000620
  0.028606   0.971129   0.000265
  0.010659   0.989130   0.000212
  0.008579   0.991216   0.000205
  0.020679   0.979173   0.000148
  0.026143   0.973739   0.000118
  0.017180   0.982729   0.000091
  0.033976   0.965963   0.000061
  0.029703   0.970253   0.000044
  0.013312   0.986655   0.000033
  0.009809   0.990169   0.000023
  0.014925   0.985057   0.000018
  0.036805   0.963178   0.000017
  0.029207   0.970775   0.000019
  0.022721   0.977253   0.000026
  0.027697   0.972260   0.000043
  0.031718   0.968186   0.000096
  0.030563   0.969210   0.000226
  0.024336   0.975314   0.000350
  0.033618   0.965898   0.000484
  0.051676   0.947710   0.000615
  0.041943   0.957380   0.000676
  0.035126   0.964123   0.000751
  0.035723   0.963486   0.000791
  0.057562   0.941547   0.000892
  0.054920   0.943831   0.001249
  0.026506   0.972080   0.001415
  0.032476   0.966328   0.001196
  0.047473   0.951532   0.000995
  0.015260   0.983890   0.000850
  0.030850   0.967652   0.001498
  0.025369   0.973148   0.001483
  0.007752   0.991594   0.000654
  0.017046   0.982279   0.000674
  0.037522   0.961870   0.000608
  0.028562   0.971124   0.000314
  0.060849   0.938763   0.000388
  0.030912   0.968818   0.000270
  0.032356   0.967385   0.000258
  0.058687   0.940915   0.000398
  0.023871   0.975459   0.000670
  0.022119   0.976121   0.001759
  0.037680   0.954881   0.007439
  0.037835   0.948964   0.013200
  0.038974   0.957450   0.003576
  0.055535   0.943773   0.000691
  0.052334   0.947461   0.000205
  0.042612   0.957295   0.000093
  0.029746   0.970192   0.000062
  0.050752   0.949197   0.000051
  0.046996   0.952951   0.000053
  0.021782   0.978163   0.000055
  0.037143   0.962797   0.000060
  0.048914   0.951015   0.000071
  0.045141   0.954787   0.000072
  0.028559   0.971379   0.000062
  0.037001   0.962928   0.000071
  0.082854   0.917063   0.000083
  0.040750   0.959185   0.000064
  0.047963   0.951967   0.000070
  0.053671   0.946269   0.000060
  0.044611   0.955322   0.000067
  0.049391   0.950527   0.000081
  0.056977   0.942889   0.000134
  0.035795   0.963946   0.000259
  0.020670   0.978847   0.000483
  0.075741   0.922965   0.001293
  0.021262   0.977089   0.001649
  0.016622   0.980234   0.003145
  0.081035   0.912253   0.006711
  0.027521   0.970715   0.001764
  0.061842   0.936980   0.001178
  0.031641   0.967663   0.000696
  0.019114   0.980175   0.000711
  0.056056   0.941430   0.002514
  0.020151   0.975182   0.004667
  0.021240   0.970470   0.008290
  0.033287   0.965265   0.001448
  0.064887   0.934859   0.000254
  0.075581   0.924363   0.000056
  0.043690   0.956286   0.000023
  0.030289   0.969694   0.000017
  0.052043   0.947937   0.000020
  0.036555   0.963417   0.000028
  0.011664   0.988294   0.000042
  0.015338   0.984564   0.000097
  0.047833   0.951865   0.000302
  0.018631   0.980934   0.000435
  0.007311   0.991960   0.000729
  0.018760   0.980050   0.001190
  0.050330   0.948666   0.001004
  0.018025   0.981586   0.000389
  0.018432   0.981396   0.000172
  0.054263   0.945642   0.000096
  0.035372   0.964577   0.000051
  0.018876   0.981091   0.000033
  0.029414   0.970562   0.000024
  0.051255   0.948725   0.000020
  0.036862   0.963120   0.000018
  0.018963   0.981019   0.000018
  0.031763   0.968218   0.000018
  0.059104   0.940878   0.000018
  0.031568   0.968415   0.000017
  0.027949   0.972034   0.000017
  0.068691   0.931292   0.000017
  0.048684   0.951298   0.000017
  0.032886   0.967096   0.000017
  0.073572   0.926410   0.000017
  0.073043   0.926938   0.000018
  0.052989   0.946993   0.000018
  0.073672   0.926309   0.000019
  0.045460   0.954519   0.000021
  0.029724   0.970253   0.000023
  0.067894   0.932084   0.000022
  0.101438   0.898541   0.000021
  0.067198   0.932781   0.000021
  0.035510   0.964467   0.000023
  0.030531   0.969443   0.000026
  0.058481   0.941480   0.000039
  0.096633   0.903291   0.000076
  0.036708   0.963197   0.000095
  0.053772   0.946136   0.000092
  0.095297   0.904641   0.000062
  0.038713   0.961249   0.000037
  0.069887   0.930086   0.000026
  0.074740   0.925239   0.000021
  0.036851   0.963132   0.000017
  0.045612   0.954372   0.000016
  0.078386   0.921597   0.000017
  0.093967   0.906011   0.000021
  0.089837   0.910136   0.000027
  0.047317   0.952647   0.000036
  0.062267   0.937685   0.000048
  0.131334   0.868610   0.000056
  0.078620   0.921312   0.000068
  0.097953   0.901942   0.000105
  0.072488   0.927367   0.000145
  0.051443   0.948295   0.000263
  0.090415   0.909244   0.000342
  0.049813   0.949927   0.000260
  0.047654   0.952120   0.000226
  0.047991   0.951906   0.000103
  0.044374   0.955588   0.000038
  0.044305   0.955673   0.000022
  0.039106   0.960875   0.000020
  0.058831   0.941149   0.000020
  0.066645   0.933331   0.000025
  0.053397   0.946568   0.000035
  0.041222   0.958721   0.000056
  0.066581   0.933248   0.000172
  0.054701   0.944515   0.000784
  0.034168   0.963907   0.001925
  0.057214   0.940840   0.001945
  0.053280   0.945678   0.001042
  0.050959   0.948609   0.000432
  0.050707   0.949011   0.000283
  0.018055   0.981721   0.000223
  0.017611   0.982189   0.000200
  0.040852   0.958916   0.000232
  0.026642   0.973144   0.000215
  0.057627   0.941917   0.000457
  0.039736   0.959318   0.000946
  0.085908   0.909464   0.004629
  0.043807   0.949578   0.006615
  0.044870   0.949401   0.005729
  0.083277   0.911747   0.004975
  0.054803   0.943536   0.001660
  0.049331   0.950033   0.000636
  0.039556   0.960093   0.000351
  0.070348   0.929388   0.000264
  0.067491   0.932279   0.000230
  0.070049   0.929725   0.000226
  0.068585   0.931188   0.000227
  0.056445   0.943382   0.000173
  0.088657   0.911177   0.000166
  0.081520   0.918360   0.000120
  0.071544   0.928352   0.000103
  0.078507   0.921372   0.000122
  0.158710   0.841092   0.000199
  0.089435   0.910319   0.000246
  0.120198   0.879173   0.000630
  0.068659   0.930489   0.000852
  0.140345   0.857605   0.002050
  0.065727   0.929475   0.004798
  0.089676   0.895508   0.014817
  0.053666   0.942102   0.004232
  0.117883   0.879444   0.002673
  0.064372   0.934147   0.001481
  0.098074   0.901029   0.000896
  0.052431   0.947174   0.000395
  0.054979   0.944858   0.000163
  0.026213   0.973723   0.000064
  0.054552   0.945397   0.000051
  0.048733   0.951230   0.000037
  0.014490   0.985488   0.000022
  0.032830   0.967151   0.000019
  0.087589   0.912390   0.000021
  0.027895   0.972079   0.000026
  0.025800   0.974161   0.000039
  0.073048   0.926857   0.000096
  0.020718   0.979140   0.000142
  0.032382   0.967270   0.000347
  0.052284   0.947124   0.000592
  0.017029   0.982451   0.000520
  0.046658   0.951904   0.001438
  0.027619   0.970367   0.002014
  0.031402   0.965751   0.002847
  0.069439   0.925428   0.005134
  0.044917   0.950652   0.004431
  0.050614   0.943835   0.005551
  0.054627   0.939816   0.005556
  0.069265   0.926003   0.004732
  0.123730   0.873095   0.003175
  0.089016   0.909677   0.001306
  0.126943   0.872082   0.000976
  0.097771   0.901407   0.000822
  0.145269   0.853673   0.001058
  0.163236   0.835320   0.001443
  0.104094   0.894440   0.001466
  0.115006   0.883455   0.001539
  0.144899   0.852652   0.002449
  0.115860   0.881336   0.002804
  0.149295   0.848869   0.001836
  0.092321   0.907023   0.000656
  0.134156   0.865457   0.000387
  0.084746   0.914995   0.000259
  0.110702   0.889105   0.000193
  0.118204   0.881677   0.000119
  0.067952   0.931967   0.000081
  0.069195   0.930734   0.000071
  0.078598   0.921317   0.000085
  0.098477   0.901398   0.000125
  0.064623   0.935230   0.000147
  0.116640   0.883133   0.000227
  0.072854   0.926893   0.000254
  0.120474   0.879217   0.000309
  0.046347   0.953489   0.000164
  0.058169   0.941709   0.000122
  0.042512   0.957403   0.000085
  0.043356   0.956575   0.000069
  0.097883   0.902057   0.000060
  0.050708   0.949248   0.000044
  0.045314   0.954656   0.000030
  0.053896   0.946076   0.000028
  0.039826   0.960134   0.000040
  0.016851   0.983089   0.000060
  0.044741   0.955092   0.000167
  0.113998   0.885547   0.000455
  0.049045   0.950177   0.000778
  0.129564   0.868660   0.001776
  0.065553   0.932964   0.001483
  0.092880   0.905717   0.001403
  0.051558   0.947584   0.000858
  0.124668   0.874698   0.000634
  0.063193   0.936533   0.000274
  0.112707   0.887073   0.000221
  0.054040   0.945808   0.000152
  0.077513   0.922258   0.000229
  0.041749   0.958076   0.000175
  0.052545   0.947327   0.000129
  0.081671   0.918222   0.000106
  0.050174   0.949763   0.000062
  0.104140   0.895807   0.000053
  0.039268   0.960703   0.000029
  0.029979   0.970001   0.000020
  0.052462   0.947521   0.000016
  0.068595   0.931388   0.000017
  0.038433   0.961546   0.000021
  0.053378   0.946586   0.000036
  0.069553   0.930397   0.000050
  0.032469   0.967481   0.000050
  0.044119   0.955820   0.000061
  0.061533   0.938387   0.000080
  0.024743   0.975184   0.000074
  0.032556   0.967351   0.000093
  0.044757   0.955111   0.000132
  0.072342   0.927471   0.000188
  0.038603   0.961245   0.000152
  0.070197   0.929609   0.000194
  0.043539   0.956286   0.000175
  0.088172   0.911511   0.000317
  0.036940   0.962711   0.000349
  0.064344   0.934640   0.001017
  0.065437   0.932561   0.002002
  0.084895   0.911288   0.003817
  0.050513   0.943719   0.005768
  0.023241   0.973350   0.003409
  0.086205   0.909975   0.003820
  0.054523   0.943428   0.002049
  0.057666   0.940664   0.001670
  0.070816   0.927745   0.001439
  0.038050   0.960683   0.001267
  0.055011   0.942925   0.002064
  0.055489   0.940942   0.003569
  0.078535   0.916804   0.004662
  0.027008   0.970657   0.002335
  0.046658   0.951878   0.001464
  0.069685   0.929509   0.000805
  0.021812   0.977744   0.000444
  0.057200   0.942288   0.000512
  0.033142   0.966295   0.000563
  0.058874   0.940343   0.000783
  0.046416   0.952697   0.000887
  0.049052   0.949177   0.001771
  0.089153   0.905643   0.005204
  0.032151   0.959670   0.008179
  0.048966   0.929131   0.021903
  0.049324   0.937982   0.012694
  0.083287   0.908322   0.008390
  0.093360   0.901252   0.005388
  0.086610   0.907840   0.005550
  0.070396   0.919812   0.009792
  0.056533   0.919313   0.024154
  0.051011   0.929112   0.019877
  0.057515   0.930125   0.012360
  0.085626   0.904228   0.010146
  0.030542   0.964119   0.005339
  0.105854   0.882855   0.011292
  0.035188   0.953773   0.011040
  0.053511   0.901168   0.045321
  0.026835   0.951000   0.022165
  0.027482   0.964682   0.007835
  0.093534   0.894892   0.011574
  0.032538   0.955834   0.011628
  0.102507   0.835381   0.062112
  0.026626   0.942450   0.030924
  0.057414   0.879203   0.063383
  0.045770   0.931127   0.023103
  0.091568   0.898813   0.009619
  0.052242   0.944987   0.002772
  0.081682   0.915928   0.002390
  0.037807   0.960671   0.001522
  0.067685   0.929859   0.002457
  0.058687   0.937711   0.003602
  0.084386   0.908026   0.007588
  0.043578   0.946793   0.009629
  0.095503   0.864367   0.040130
  0.031883   0.924683   0.043435
  0.033812   0.886209   0.079980
  0.038390   0.893363   0.068247
  0.036880   0.923309   0.039810
  0.067026   0.867021   0.065954
  0.049175   0.895221   0.055603
  0.043696   0.886678   0.069626
  0.035485   0.897964   0.066551
  0.026992   0.927032   0.045976
  0.059105   0.858439   0.082457
  0.042172   0.917011   0.040817
  0.076365   0.859350   0.064285
  0.095885   0.829795   0.074320
  0.059016   0.895673   0.045311
  0.107096   0.823036   0.069868
  0.121046   0.796384   0.082570
  0.039708   0.926404   0.033888
  0.068021   0.857148   0.074831
  0.058232   0.863516   0.078252
  0.041450   0.904062   0.054488
  0.085338   0.831085   0.083577
  0.103554   0.823287   0.073159
  0.115526   0.769252   0.115221
  0.128981   0.676923   0.194096
  0.140937   0.752030   0.107034
  0.202201   0.702888   0.094911
  0.315494   0.567365   0.117141
  0.266776   0.599246   0.133978
  0.223432   0.702065   0.074503
  0.235951   0.679615   0.084434
  0.140431   0.797999   0.061570
  0.122947   0.790028   0.087024
  0.098958   0.819285   0.081757
  0.107267   0.852118   0.040614
  0.081067   0.845684   0.073249
  0.084436   0.861390   0.054174
  0.135829   0.840907   0.023264
  0.131125   0.846280   0.022594
  0.160881   0.787965   0.051154
  0.143124   0.818381   0.038495
  0.171236   0.806031   0.022733
  0.150899   0.825524   0.023577
  0.201257   0.745085   0.053658
  0.138377   0.824123   0.037500
  0.131308   0.848328   0.020364
  0.102441   0.880967   0.016592
  0.063482   0.919026   0.017491
  0.055049   0.917850   0.027101
  0.048204   0.915545   0.036251
  0.034862   0.929721   0.035417
  0.036627   0.926354   0.037020
  0.032366   0.937756   0.029878
  0.031345   0.939401   0.029254
  0.048620   0.913183   0.038198
  0.063724   0.918890   0.017386
  0.083742   0.912445   0.003813
  0.046613   0.952656   0.000731
  0.060137   0.939632   0.000231
  0.030955   0.968985   0.000060
  0.051088   0.948882   0.000030
  0.061182   0.938799   0.000019
  0.041660   0.958322   0.000017
  0.032644   0.967329   0.000027
  0.014970   0.984975   0.000054
  0.027778   0.972059   0.000163
  0.043340   0.955800   0.000860
  0.029138   0.966712   0.004150
  0.052440   0.929617   0.017942
  0.017531   0.978572   0.003897
  0.053397   0.944139   0.002464
  0.037929   0.961177   0.000893
  0.035938   0.963639   0.000423
  0.052443   0.947220   0.000337
  0.018710   0.981060   0.000230
  0.027557   0.972144   0.000299
  0.043299   0.956358   0.000343
  0.023792   0.975927   0.000281
  0.021065   0.978714   0.000221
  0.030222   0.969571   0.000207
  0.024422   0.975416   0.000162
  0.016594   0.983282   0.000124
  0.011744   0.988134   0.000122
  0.022599   0.977140   0.000262
  0.021942   0.977476   0.000582
  0.007662   0.991664   0.000674
  0.018153   0.980356   0.001491
  0.036183   0.961578   0.002239
  0.008916   0.990067   0.001018
  0.012074   0.986369   0.001556
  0.039778   0.955343   0.004879
  0.011504   0.985055   0.003441
  0.006104   0.990789   0.003107
  0.008565   0.984743   0.006692
  0.012843   0.972576   0.014581
  0.006768   0.984442   0.008790
  0.004089   0.991093   0.004818
  0.003087   0.993538   0.003375
  0.003528   0.993393   0.003079
  0.010898   0.981393   0.007710
  0.016984   0.973483   0.009533
  0.003407   0.994729   0.001864
  0.001107   0.998265   0.000627
  0.000502   0.999194   0.000304
  0.000232   0.999646   0.000123
  0.000147   0.999804   0.000049
  0.000106   0.999867   0.000028
  0.000084   0.999894   0.000022
  0.000086   0.999889   0.000025
  0.000117   0.999842   0.000042
  0.000196   0.999724   0.000080
  0.000282   0.999568   0.000149
  0.000291   0.999501   0.000208
  0.000204   0.999526   0.000270
  0.000111   0.999585   0.000304
  0.000069   0.999687   0.000243
  0.000051   0.999774   0.000175
  0.000036   0.999850   0.000114
  0.000028   0.999900   0.000072
  0.000024   0.999927   0.000049
  0.000022   0.999932   0.000046
  0.000020   0.999923   0.000057
  0.000018   0.999925   0.000057
  0.000017   0.999938   0.000045
  0.000017   0.999949   0.000034
  0.000018   0.999956   0.000026
  0.000021   0.999956   0.000023
  0.000029   0.999945   0.000026
  0.000043   0.999907   0.000051
  0.000062   0.999780   0.000158
  0.000078   0.999333   0.000589
  0.000122   0.997217   0.002661
  0.000131   0.996758   0.003112
  0.000138   0.998949   0.000913
  0.000375   0.999099   0.000525
  0.001951   0.997662   0.000387
  0.007620   0.991938   0.000442
  0.017625   0.981695   0.000680
  0.003224   0.995952   0.000823
  0.000589   0.998739   0.000672
  0.000139   0.999408   0.000453
  0.000049   0.999665   0.000286
  0.000026   0.999755   0.000219
  0.000021   0.999787   0.000192
  0.000023   0.999729   0.000249
  0.000031   0.999604   0.000365
  0.000047   0.999549   0.000404
  0.000077   0.999533   0.000390
  0.000179   0.999527   0.000295
  0.000269   0.999495   0.000237
  0.000414   0.999378   0.000208
  0.001103   0.998765   0.000132
  0.003802   0.996101   0.000097
  0.012561   0.987324   0.000115
  0.009782   0.990012   0.000205
  0.001829   0.997831   0.000340
  0.000516   0.998670   0.000814
  0.000195   0.998254   0.001551
  0.000075   0.997858   0.002067
  0.000031   0.997924   0.002044
  0.000022   0.999094   0.000884
  0.000029   0.999743   0.000228
  0.000069   0.999851   0.000080
  0.000380   0.999574   0.000046
  0.005600   0.994338   0.000062
  0.015439   0.984426   0.000136
  0.001115   0.998608   0.000277
  0.000150   0.998550   0.001300
  0.000045   0.996828   0.003127
  0.000032   0.997212   0.002756
  0.000041   0.999086   0.000873
  0.000056   0.999729   0.000216
  0.000096   0.999803   0.000101
  0.000191   0.999733   0.000077
  0.000567   0.999312   0.000121
  0.001613   0.998128   0.000259
  0.007353   0.991763   0.000884
  0.021380   0.975631   0.002988
  0.010569   0.980694   0.008738
  0.008908   0.983088   0.008004
  0.036625   0.958923   0.004452
  0.022765   0.975204   0.002031
  0.010839   0.988163   0.000999
  0.020784   0.978501   0.000715
  0.029882   0.969670   0.000448
  0.025512   0.974268   0.000219
  0.033902   0.965955   0.000143
  0.029908   0.969988   0.000103
  0.053888   0.945994   0.000118
  0.029654   0.970246   0.000100
  0.032157   0.967742   0.000102
  0.043659   0.956240   0.000101
  0.018637   0.981309   0.000054
  0.043722   0.956237   0.000041
  0.047559   0.952409   0.000031
  0.039809   0.960155   0.000036
  0.047400   0.952519   0.000081
  0.034128   0.965567   0.000305
  0.041491   0.957350   0.001159
  0.036957   0.957947   0.005096
  0.032971   0.928613   0.038416
  0.019633   0.953826   0.026541
  0.042533   0.946680   0.010787
  0.071052   0.919508   0.009440
  0.037968   0.950407   0.011625
  0.061119   0.917933   0.020948
  0.057777   0.919517   0.022707
  0.027162   0.942491   0.030347
  0.049063   0.877352   0.073586
  0.094711   0.891237   0.014052
  0.071521   0.925231   0.003248
  0.145785   0.852179   0.002036
  0.187777   0.809817   0.002407
  0.212143   0.782770   0.005087
  0.169680   0.795409   0.034911
  0.088694   0.846783   0.064523
  0.228383   0.763907   0.007710
  0.115451   0.882881   0.001668
  0.164977   0.834289   0.000734
  0.052397   0.947402   0.000202
  0.095217   0.904621   0.000162
  0.073927   0.925979   0.000095
  0.062497   0.937449   0.000054
  0.085512   0.914453   0.000035
  0.082645   0.917333   0.000023
  0.048614   0.951369   0.000017
  0.029560   0.970423   0.000016
  0.086382   0.913602   0.000016
  0.068030   0.931951   0.000019
  0.039352   0.960619   0.000029
  0.107543   0.892412   0.000044
  0.071931   0.928000   0.000070
  0.016417   0.983491   0.000092
  0.028840   0.971062   0.000098
  0.094913   0.904991   0.000096
  0.035813   0.964105   0.000082
  0.020024   0.979897   0.000079
  0.033990   0.965946   0.000065
  0.073410   0.926499   0.000090
  0.031842   0.968030   0.000128
  0.019935   0.979875   0.000190
  0.053631   0.946128   0.000241
  0.043228   0.956548   0.000224
  0.017989   0.981816   0.000195
  0.045075   0.954704   0.000221
  0.031838   0.968007   0.000155
  0.017578   0.982309   0.000112
  0.037794   0.962103   0.000102
  0.061509   0.938398   0.000093
  0.047455   0.952479   0.000065
  0.053780   0.946180   0.000041
  0.056166   0.943803   0.000031
  0.062571   0.937404   0.000026
  0.056434   0.943544   0.000022
  0.041260   0.958717   0.000023
  0.057508   0.942466   0.000026
  0.049000   0.950962   0.000039
  0.037491   0.962435   0.000074
  0.069155   0.930676   0.000168
  0.027412   0.972343   0.000245
  0.040243   0.959360   0.000397
  0.062731   0.936779   0.000489
  0.022759   0.976720   0.000521
  0.022498   0.977008   0.000494
  0.049927   0.949717   0.000357
  0.036397   0.963379   0.000224
  0.019643   0.980215   0.000143
  0.025690   0.974138   0.000172
  0.063178   0.936663   0.000159
  0.039544   0.960338   0.000117
  0.021913   0.978020   0.000068
  0.040607   0.959347   0.000046
  0.035445   0.964522   0.000032
  0.020743   0.979233   0.000024
  0.019401   0.980580   0.000018
  0.045287   0.954697   0.000017
  0.056330   0.943653   0.000017
  0.029905   0.970078   0.000017
  0.028486   0.971496   0.000018
  0.031856   0.968123   0.000021
  0.043235   0.956736   0.000029
  0.037502   0.962447   0.000050
  0.026140   0.973771   0.000089
  0.032652   0.967158   0.000190
  0.022365   0.977260   0.000375
  0.010674   0.988647   0.000679
  0.014189   0.983353   0.002458
  0.033209   0.954153   0.012638
  0.010844   0.977136   0.012020
  0.007353   0.986283   0.006364
  0.027188   0.963375   0.009437
  0.023940   0.967567   0.008493
  0.006843   0.987259   0.005898
  0.008289   0.986432   0.005279
  0.022202   0.971469   0.006329
  0.038213   0.957538   0.004249
  0.021028   0.975388   0.003585
  0.020100   0.976357   0.003543
  0.019107   0.974675   0.006217
  0.036012   0.955692   0.008295
  0.014383   0.983775   0.001842
  0.008687   0.990407   0.000906
  0.028102   0.970368   0.001530
  0.012525   0.986396   0.001078
  0.014415   0.984158   0.001427
  0.027405   0.969612   0.002983
  0.016220   0.981163   0.002617
  0.019013   0.978034   0.002953
  0.034622   0.961504   0.003875
  0.012029   0.986182   0.001789
  0.016461   0.981720   0.001819
  0.044179   0.952155   0.003666
  0.021269   0.975912   0.002819
  0.022410   0.974651   0.002939
  0.028318   0.967943   0.003739
  0.024566   0.971501   0.003932
  0.032071   0.964029   0.003900
  0.051027   0.944731   0.004241
  0.035895   0.961254   0.002851
  0.055220   0.942554   0.002226
  0.057004   0.941197   0.001799
  0.043379   0.955172   0.001449
  0.062428   0.936701   0.000871
  0.036012   0.963564   0.000424
  0.050227   0.949445   0.000327
  0.091707   0.907951   0.000342
  0.067220   0.932452   0.000328
  0.037789   0.961781   0.000430
  0.040068   0.959389   0.000543
  0.048494   0.950465   0.001041
  0.037813   0.958890   0.003297
  0.040682   0.948170   0.011149
  0.072605   0.909376   0.018019
  0.072928   0.901722   0.025350
  0.070531   0.907065   0.022404
  0.083903   0.901213   0.014884
  0.056320   0.924787   0.018893
  0.103500   0.876725   0.019775
  0.051835   0.935833   0.012333
  0.054572   0.932176   0.013251
  0.074906   0.905073   0.020021
  0.021000   0.966444   0.012556
  0.017181   0.971658   0.011161
  0.022587   0.961713   0.015699
  0.034199   0.949612   0.016189
  0.046144   0.941352   0.012504
  0.065896   0.915821   0.018283
  0.054339   0.917674   0.027987
  0.029848   0.954214   0.015938
  0.061508   0.927383   0.011109
  0.070133   0.915254   0.014613
  0.075287   0.909492   0.015221
  0.088509   0.901934   0.009557
  0.035497   0.957693   0.006810
  0.158522   0.832039   0.009440
  0.102952   0.892595   0.004453
  0.113327   0.884320   0.002353
  0.091013   0.907218   0.001768
  0.095580   0.902299   0.002121
  0.138706   0.857522   0.003773
  0.061909   0.927605   0.010487
  0.103013   0.884200   0.012787
  0.084346   0.908717   0.006937
  0.073011   0.922538   0.004451
  0.135472   0.860846   0.003682
  0.063774   0.933532   0.002694
  0.106851   0.890651   0.002498
  0.080511   0.916742   0.002747
  0.078563   0.918245   0.003193
  0.108413   0.887647   0.003940
  0.117303   0.878784   0.003912
  0.124226   0.873504   0.002270
  0.082302   0.916376   0.001321
  0.146575   0.852802   0.000623
  0.082368   0.917213   0.000419
  0.082801   0.916954   0.000245
  0.093367   0.906463   0.000170
  0.053877   0.945964   0.000159
  0.052695   0.947139   0.000166
  0.089986   0.909864   0.000150
  0.076212   0.923690   0.000098
  0.037056   0.962869   0.000075
  0.052471   0.947472   0.000057
  0.055046   0.944908   0.000045
  0.037228   0.962737   0.000035
  0.039557   0.960413   0.000030
  0.045445   0.954517   0.000038
  0.020267   0.979683   0.000050
  0.023081   0.976815   0.000104
  0.031292   0.968453   0.000255
  0.014419   0.985074   0.000507
  0.014445   0.984061   0.001495
  0.023701   0.971558   0.004741
  0.012866   0.985837   0.001297
  0.013923   0.985746   0.000331
  0.031940   0.967943   0.000117
  0.026623   0.973281   0.000096
  0.015266   0.984600   0.000134
  0.031337   0.968423   0.000240
  0.021052   0.978670   0.000278
  0.015767   0.983945   0.000288
  0.035920   0.963774   0.000307
  0.032110   0.967664   0.000226
  0.027414   0.972414   0.000172
  0.041788   0.957984   0.000228
  0.015564   0.984184   0.000252
  0.019236   0.980048   0.000717
  0.038869   0.959223   0.001907
  0.014830   0.984065   0.001105
  0.013694   0.985474   0.000832
  0.051032   0.947604   0.001364
  0.018671   0.980245   0.001084
  0.009300   0.989394   0.001305
  0.040240   0.956412   0.003348
  0.025256   0.973930   0.000814
  0.031502   0.968302   0.000196
  0.048412   0.951519   0.000069
  0.022324   0.977637   0.000039
  0.056175   0.943767   0.000057
  0.029286   0.970624   0.000090
  0.011014   0.988839   0.000147
  0.041618   0.957918   0.000464
  0.029351   0.970053   0.000597
  0.020418   0.979085   0.000497
  0.043402   0.955934   0.000664
  0.026321   0.973339   0.000340
  0.010480   0.989407   0.000113
  0.026522   0.973418   0.000060
  0.027443   0.972527   0.000030
  0.010639   0.989344   0.000017
  0.013616   0.986365   0.000018
  0.027546   0.972430   0.000024
  0.009016   0.990957   0.000027
  0.002808   0.997159   0.000033
  0.001779   0.998179   0.000042
  0.001242   0.998704   0.000054
  0.001325   0.998600   0.000075
  0.003184   0.996657   0.000159
  0.020673   0.978732   0.000595
  0.008979   0.990419   0.000603
  0.001673   0.997988   0.000340
  0.000360   0.999455   0.000185
  0.000157   0.999754   0.000089
  0.000131   0.999823   0.000046
  0.000172   0.999794   0.000034
  0.000475   0.999480   0.000045
  0.002201   0.997676   0.000123
  0.028527   0.970807   0.000666
  0.011808   0.986953   0.001240
  0.002440   0.996205   0.001355
  0.001032   0.997699   0.001269
  0.001027   0.998011   0.000962
  0.001756   0.997419   0.000824
  0.006358   0.992836   0.000806
  0.034071   0.964455   0.001474
  0.021799   0.977182   0.001019
  0.011919   0.987640   0.000441
  0.022523   0.977161   0.000316
  0.024503   0.975335   0.000162
  0.015011   0.984895   0.000094
  0.032537   0.967395   0.000068
  0.048154   0.951800   0.000046
  0.023370   0.976599   0.000031
  0.047263   0.952706   0.000030
  0.066681   0.933290   0.000029
  0.058137   0.941840   0.000024
  0.056789   0.943192   0.000019
  0.050037   0.949947   0.000017
  0.094919   0.905065   0.000016
  0.047606   0.952377   0.000017
  0.038405   0.961578   0.000017
  0.082749   0.917233   0.000018
  0.047158   0.952823   0.000019
  0.022022   0.977958   0.000020
  0.049286   0.950691   0.000022
  0.119657   0.880314   0.000028
  0.102773   0.897186   0.000041
  0.072427   0.927513   0.000060
  0.068442   0.931468   0.000090
  0.095127   0.904764   0.000109
  0.090052   0.909814   0.000134
  0.130932   0.868919   0.000149
  0.071582   0.928216   0.000202
  0.029548   0.970204   0.000249
  0.057733   0.941979   0.000288
  0.056206   0.943559   0.000235
  0.022351   0.977524   0.000125
  0.021917   0.978005   0.000078
  0.050071   0.949860   0.000069
  0.033523   0.966434   0.000043
  0.025801   0.974152   0.000047
  0.044429   0.955503   0.000069
  0.036265   0.963670   0.000064
  0.038251   0.961687   0.000062
  0.047291   0.952631   0.000078
  0.043135   0.956741   0.000124
  0.053626   0.946121   0.000254
  0.041437   0.958182   0.000381
  0.052725   0.946229   0.001046
  0.062988   0.935353   0.001660
  0.032334   0.967003   0.000663
  0.072753   0.926934   0.000313
  0.045932   0.953942   0.000125
  0.024408   0.975544   0.000048
  0.101602   0.898355   0.000043
  0.060495   0.939467   0.000038
  0.047889   0.952073   0.000038
  0.136528   0.863419   0.000053
  0.030391   0.969563   0.000046
  0.047329   0.952619   0.000052
  0.102653   0.897273   0.000074
  0.072224   0.927652   0.000124
  0.083261   0.916506   0.000232
  0.095383   0.904199   0.000418
  0.041930   0.957547   0.000523
  0.062762   0.936497   0.000741
  0.058104   0.941007   0.000888
  0.064502   0.934334   0.001164
  0.034572   0.964756   0.000671
  0.023870   0.975559   0.000571
  0.048130   0.950890   0.000980
  0.018031   0.981050   0.000919
  0.038353   0.959304   0.002343
  0.022593   0.973694   0.003714
  0.017203   0.975703   0.007093
  0.021379   0.966671   0.011950
  0.006132   0.990871   0.002997
  0.005598   0.992611   0.001791
  0.039039   0.957339   0.003622
  0.025818   0.972279   0.001903
  0.011826   0.987352   0.000822
  0.035231   0.963845   0.000924
  0.022804   0.976777   0.000419
  0.014150   0.985620   0.000230
  0.029154   0.970615   0.000231
  0.026313   0.973514   0.000173
  0.008055   0.991812   0.000132
  0.004836   0.995051   0.000113
  0.007381   0.992381   0.000238
  0.025720   0.973700   0.000580
  0.018706   0.980181   0.001113
  0.009828   0.987954   0.002218
  0.018998   0.972453   0.008550
  0.038940   0.939403   0.021657
  0.019630   0.962556   0.017813
  0.019942   0.962356   0.017703
  0.037992   0.937512   0.024496
  0.025654   0.940608   0.033738
  0.009748   0.956260   0.033992
  0.009609   0.976198   0.014193
  0.031549   0.960989   0.007462
  0.021792   0.971752   0.006455
  0.003678   0.988692   0.007630
  0.001969   0.978626   0.019405
  0.001719   0.978243   0.020039
  0.001770   0.991691   0.006539
  0.005928   0.989181   0.004891
  0.063656   0.923444   0.012900
  0.010440   0.980838   0.008723
  0.011172   0.972162   0.016666
  0.025505   0.956180   0.018315
  0.020766   0.973066   0.006167
  0.030296   0.965520   0.004184
  0.009690   0.988474   0.001836
  0.006690   0.991814   0.001496
  0.020638   0.975462   0.003900
  0.017600   0.976191   0.006209
  0.008677   0.980168   0.011155
  0.003885   0.985543   0.010572
  0.003439   0.986977   0.009585
  0.005338   0.986778   0.007884
  0.012624   0.983905   0.003470
  0.009665   0.989470   0.000865
  0.003904   0.995906   0.000190
  0.002872   0.997063   0.000065
  0.002790   0.997175   0.000035
  0.002427   0.997548   0.000025
  0.002854   0.997122   0.000023
  0.003224   0.996745   0.000031
  0.002849   0.997081   0.000070
  0.002146   0.997672   0.000183
  0.001282   0.998145   0.000572
  0.000764   0.997137   0.002099
  0.000348   0.990535   0.009117
  0.000132   0.985001   0.014867
  0.000043   0.993247   0.006709
  0.000026   0.997636   0.002338
  0.000029   0.998933   0.001038
  0.000054   0.999363   0.000583
  0.000140   0.999262   0.000599
  0.000364   0.998536   0.001100
  0.001249   0.996959   0.001792
  0.003792   0.994026   0.002182
  0.003481   0.994037   0.002482
  0.002601   0.994859   0.002541
  0.001582   0.996108   0.002310
  0.000727   0.997304   0.001969
  0.000348   0.998031   0.001621
  0.000223   0.998638   0.001139
  0.000205   0.999161   0.000634
  0.000190   0.999405   0.000405
  0.000220   0.999547   0.000233
  0.000197   0.999600   0.000202
  0.000144   0.999661   0.000194
  0.000091   0.999697   0.000211
  0.000075   0.999804   0.000121
  0.000080   0.999869   0.000051
  0.000078   0.999894   0.000027
  0.000064   0.999916   0.000021
  0.000069   0.999906   0.000024
  0.000076   0.999887   0.000037
  0.000067   0.999884   0.000049
  0.000056   0.999874   0.000070
  0.000043   0.999831   0.000126
  0.000036   0.999703   0.000262
  0.000029   0.999334   0.000637
  0.000028   0.998293   0.001679
  0.000030   0.996113   0.003856
  0.000037   0.995186   0.004777
  0.000064   0.995966   0.003970
  0.000149   0.997311   0.002540
  0.000673   0.998019   0.001308
  0.004235   0.994805   0.000960
  0.005317   0.993420   0.001263
  0.001532   0.997374   0.001094
  0.000408   0.998741   0.000851
  0.000169   0.998949   0.000882
  0.000117   0.998825   0.001058
  0.000155   0.998014   0.001831
  0.000345   0.994404   0.005251
  0.001696   0.973726   0.024578
  0.005418   0.969290   0.025292
  0.003236   0.991957   0.004806
  0.001355   0.996840   0.001804
  0.001519   0.996609   0.001872
  0.004015   0.991606   0.004378
  0.006211   0.977991   0.015798
  0.001868   0.963963   0.034169
  0.000538   0.977430   0.022032
  0.000333   0.975334   0.024333
  0.000317   0.975875   0.023808
  0.000425   0.970641   0.028934
  0.000580   0.971539   0.027881
  0.000626   0.979010   0.020363
  0.000793   0.963741   0.035465
  0.000779   0.964571   0.034649
  0.000901   0.971115   0.027983
  0.001835   0.954744   0.043421
  0.001578   0.984732   0.013689
  0.001838   0.988995   0.009167
  0.002870   0.978199   0.018931
  0.003070   0.944753   0.052176
  0.001075   0.953944   0.044981
  0.000421   0.931129   0.068450
  0.000145   0.932916   0.066939
  0.000091   0.918201   0.081709
  0.000075   0.923959   0.075966
  0.000062   0.926042   0.073896
  0.000057   0.901060   0.098883
  0.000046   0.939956   0.059998
  0.000033   0.962564   0.037404
  0.000031   0.957422   0.042547
  0.000030   0.940970   0.059000
  0.000028   0.940898   0.059074
  0.000034   0.928630   0.071335
  0.000079   0.938019   0.061903
  0.000317   0.952356   0.047327
  0.002014   0.946937   0.051049
  0.007832   0.933747   0.058420
  0.006345   0.940602   0.053053
  0.002235   0.943715   0.054050
  0.000948   0.944168   0.054884
  0.000486   0.963971   0.035543
  0.000622   0.967883   0.031495
  0.001609   0.953254   0.045137
  0.006146   0.923154   0.070700
  0.010135   0.969593   0.020272
  0.013254   0.974738   0.012008
  0.014786   0.961838   0.023376
  0.012475   0.949025   0.038500
  0.008388   0.959501   0.032112
  0.008960   0.946482   0.044558
  0.009426   0.940204   0.050370
  0.005485   0.980042   0.014472
  0.016285   0.952015   0.031700
  0.015467   0.955476   0.029057
  0.004568   0.990408   0.005024
  0.009897   0.987028   0.003075
  0.023379   0.974285   0.002336
  0.013632   0.985583   0.000785
  0.017614   0.981928   0.000457
  0.013813   0.985759   0.000428
  0.010425   0.988877   0.000697
  0.034915   0.960884   0.004200
  0.029379   0.938610   0.032011
  0.006454   0.947728   0.045818
  0.001757   0.989622   0.008620
  0.001251   0.993568   0.005181
  0.001601   0.992313   0.006085
  0.005803   0.981931   0.012267
  0.034681   0.948089   0.017230
  0.004949   0.992944   0.002107
  0.002621   0.996738   0.000641
  0.003928   0.995799   0.000273
  0.009016   0.990766   0.000218
  0.022401   0.977415   0.000184
  0.021399   0.978498   0.000103
  0.008947   0.990968   0.000084
  0.005754   0.994143   0.000103
  0.014425   0.985373   0.000202
  0.024967   0.974584   0.000450
  0.007974   0.991531   0.000495
  0.025472   0.973666   0.000862
  0.014181   0.985265   0.000553
  0.008994   0.990521   0.000485
  0.018099   0.981201   0.000699
  0.018731   0.979930   0.001339
  0.010978   0.986811   0.002212
  0.017623   0.974310   0.008067
  0.005674   0.989329   0.004998
  0.002568   0.995385   0.002047
  0.001603   0.997176   0.001222
  0.001455   0.997213   0.001332
  0.002329   0.995950   0.001720
  0.003678   0.994321   0.002000
  0.006446   0.990980   0.002574
  0.014649   0.981119   0.004232
  0.014552   0.981371   0.004077
  0.011526   0.983978   0.004496
  0.009191   0.986625   0.004184
  0.006116   0.990163   0.003722
  0.004140   0.993030   0.002830
  0.004159   0.994483   0.001358
  0.010075   0.989016   0.000910
  0.025634   0.973767   0.000599
  0.013838   0.986030   0.000132
  0.008309   0.991656   0.000035
  0.022474   0.977501   0.000025
  0.027310   0.972664   0.000026
  0.005068   0.994903   0.000028
  0.003396   0.996570   0.000034
  0.004579   0.995374   0.000048
  0.017413   0.982491   0.000097
  0.072035   0.927789   0.000176
  0.011665   0.988205   0.000130
  0.007897   0.991949   0.000154
  0.022946   0.976786   0.000268
  0.044303   0.955270   0.000427
  0.018226   0.981240   0.000534
  0.031503   0.967680   0.000817
  0.064732   0.934454   0.000814
  0.022779   0.976590   0.000631
  0.015668   0.983912   0.000420
  0.036636   0.963047   0.000316
  0.038097   0.961629   0.000273
  0.009077   0.990718   0.000205
  0.004325   0.995525   0.000150
  0.006359   0.993521   0.000119
  0.017813   0.982076   0.000111
  0.028416   0.971485   0.000099
  0.008900   0.991017   0.000082
  0.007146   0.992783   0.000072
  0.018879   0.981068   0.000052
  0.032476   0.967490   0.000033
  0.009856   0.990123   0.000022
  0.005143   0.994840   0.000017
  0.005983   0.993998   0.000019
  0.009132   0.990837   0.000031
  0.017863   0.982073   0.000064
  0.012031   0.987834   0.000135
  0.003956   0.995740   0.000304
  0.001694   0.997787   0.000519
  0.001089   0.998377   0.000534
  0.000966   0.998511   0.000523
  0.001077   0.998445   0.000478
  0.001084   0.998682   0.000235
  0.001509   0.998326   0.000164
  0.003330   0.996559   0.000111
  0.009705   0.990207   0.000088
  0.008654   0.991249   0.000097
  0.005555   0.994330   0.000115
  0.004160   0.995695   0.000144
  0.003603   0.996170   0.000226
  0.002278   0.997412   0.000310
  0.000885   0.998920   0.000195
  0.000406   0.999478   0.000115
  0.000181   0.999743   0.000076
  0.000107   0.999820   0.000073
  0.000092   0.999815   0.000093
  0.000105   0.999779   0.000117
  0.000155   0.999676   0.000169
  0.000256   0.999512   0.000231
  0.000330   0.999404   0.000266
  0.000397   0.999254   0.000349
  0.000488   0.998994   0.000518
  0.000907   0.997888   0.001205
  0.001642   0.995743   0.002615
  0.002110   0.995200   0.002691
  0.001164   0.997751   0.001085
  0.000453   0.999199   0.000348
  0.000245   0.999578   0.000177
  0.000097   0.999822   0.000081
  0.000045   0.999897   0.000057
  0.000029   0.999911   0.000060
  0.000025   0.999874   0.000101
  0.000029   0.999783   0.000187
  0.000042   0.999611   0.000347
  0.000097   0.998872   0.001032
  0.000304   0.995821   0.003875
  0.000522   0.996462   0.003016
  0.000431   0.999018   0.000552
  0.000229   0.999665   0.000106
  0.000122   0.999833   0.000045
  0.000072   0.999891   0.000037
  0.000045   0.999904   0.000051
  0.000034   0.999895   0.000071
  0.000029   0.999891   0.000081
  0.000027   0.999897   0.000076
  0.000026   0.999916   0.000058
  0.000024   0.999924   0.000052
  0.000025   0.999920   0.000055
  0.000030   0.999922   0.000048
  0.000048   0.999914   0.000037
  0.000113   0.999842   0.000044
  0.000338   0.999600   0.000062
  0.000707   0.999191   0.000102
  0.001042   0.998714   0.000243
  0.000784   0.998557   0.000659
  0.000530   0.996644   0.002826
  0.000285   0.991601   0.008114
  0.000121   0.994959   0.004920
  0.000073   0.997783   0.002143
  0.000077   0.998832   0.001091
  0.000115   0.998992   0.000893
  0.000202   0.998881   0.000918
  0.000278   0.999006   0.000715
  0.000321   0.999020   0.000659
  0.000323   0.998936   0.000741
  0.000592   0.998697   0.000711
  0.001145   0.998518   0.000337
  0.002550   0.997286   0.000164
  0.004016   0.995851   0.000133
  0.002640   0.997259   0.000101
  0.001504   0.998413   0.000084
  0.000774   0.999146   0.000079
  0.000425   0.999502   0.000073
  0.000251   0.999658   0.000090
  0.000202   0.999707   0.000092
  0.000187   0.999721   0.000092
  0.000164   0.999741   0.000095
  0.000188   0.999671   0.000141
  0.000291   0.999504   0.000205
  0.000559   0.998990   0.000450
  0.000976   0.998158   0.000866
  0.001133   0.997611   0.001255
  0.001383   0.996883   0.001734
  0.001377   0.996811   0.001811
  0.000844   0.998080   0.001076
  0.000328   0.999305   0.000367
  0.000170   0.999642   0.000189
  0.000129   0.999732   0.000139
  0.000103   0.999792   0.000105
  0.000078   0.999846   0.000076
  0.000048   0.999901   0.000051
  0.000036   0.999917   0.000047
  0.000026   0.999922   0.000053
  0.000021   0.999911   0.000068
  0.000019   0.999871   0.000111
  0.000021   0.999792   0.000187
  0.000028   0.999667   0.000304
  0.000054   0.999394   0.000552
  0.000102   0.998885   0.001012
  0.000158   0.998913   0.000930
  0.000250   0.998960   0.000790
  0.000336   0.999068   0.000595
  0.000720   0.998478   0.000802
  0.001013   0.997970   0.001017
  0.000876   0.997788   0.001336
  0.000400   0.998441   0.001158
  0.000117   0.999464   0.000419
  0.000047   0.999765   0.000188
  0.000029   0.999871   0.000100
  0.000021   0.999918   0.000062
  0.000017   0.999937   0.000046
  0.000018   0.999941   0.000041
  0.000023   0.999927   0.000050
  0.000034   0.999898   0.000067
  0.000045   0.999877   0.000078
  0.000071   0.999790   0.000139
  0.000086   0.999648   0.000266
  0.000085   0.999600   0.000315
  0.000078   0.999635   0.000287
  0.000067   0.999659   0.000274
  0.000048   0.999738   0.000214
  0.000036   0.999773   0.000190
  0.000032   0.999806   0.000163
  0.000028   0.999829   0.000142
  0.000025   0.999850   0.000125
  0.000019   0.999899   0.000083
  0.000022   0.999921   0.000057
  0.000031   0.999923   0.000047
  0.000042   0.999915   0.000043
  0.000068   0.999901   0.000031
  0.000127   0.999850   0.000023
  0.000211   0.999768   0.000021
  0.000315   0.999666   0.000018
  0.000412   0.999570   0.000018
  0.000617   0.999365   0.000019
  0.001139   0.998841   0.000021
  0.002405   0.997571   0.000025
  0.002962   0.997006   0.000031
  0.001065   0.998901   0.000034
  0.000321   0.999643   0.000036
  0.000172   0.999785   0.000043
  0.000121   0.999825   0.000054
  0.000112   0.999824   0.000064
  0.000103   0.999836   0.000062
  0.000074   0.999876   0.000050
  0.000049   0.999906   0.000045
  0.000034   0.999925   0.000041
  0.000024   0.999925   0.000051
  0.000025   0.999852   0.000123
  0.000038   0.999636   0.000326
  0.000091   0.999306   0.000603
  0.000414   0.998439   0.001147
  0.002421   0.995815   0.001764
  0.006542   0.991756   0.001702
  0.003311   0.996048   0.000641
  0.001068   0.998700   0.000231
  0.000428   0.999501   0.000071
  0.000160   0.999808   0.000032
  0.000087   0.999891   0.000022
  0.000060   0.999921   0.000019
  0.000047   0.999935   0.000018
  0.000046   0.999924   0.000030
  0.000053   0.999862   0.000085
  0.000084   0.999505   0.000411
  0.000136   0.997803   0.002061
  0.000227   0.997999   0.001774
  0.000692   0.998950   0.000358
  0.002486   0.997426   0.000088
  0.004016   0.995936   0.000049
  0.001279   0.998680   0.000041
  0.000258   0.999701   0.000041
  0.000088   0.999865   0.000046
  0.000048   0.999893   0.000060
  0.000049   0.999847   0.000104
  0.000087   0.999737   0.000176
  0.000190   0.999643   0.000168
  0.000419   0.999466   0.000115
  0.001135   0.998754   0.000111
  0.001890   0.998012   0.000098
  0.003302   0.996602   0.000096
  0.008095   0.991728   0.000177
  0.007868   0.991791   0.000341
  0.002352   0.997422   0.000225
  0.000490   0.999394   0.000116
  0.000123   0.999802   0.000075
  0.000046   0.999884   0.000069
  0.000036   0.999843   0.000121
  0.000045   0.999669   0.000286
  0.000064   0.999065   0.000871
  0.000085   0.998080   0.001835
  0.000184   0.998598   0.001218
  0.000518   0.999128   0.000354
  0.001520   0.998359   0.000120
  0.005282   0.994666   0.000052
  0.014302   0.985665   0.000032
  0.008267   0.991713   0.000020
  0.003013   0.996970   0.000017
  0.001107   0.998874   0.000019
  0.000567   0.999405   0.000028
  0.000529   0.999431   0.000040
  0.000774   0.999152   0.000074
  0.001735   0.998106   0.000159
  0.006135   0.993524   0.000340
  0.035329   0.963846   0.000825
  0.007714   0.991831   0.000456
  0.003534   0.996263   0.000204
  0.002812   0.997022   0.000166
  0.003319   0.996547   0.000134
  0.015623   0.984185   0.000192
  0.026670   0.973121   0.000209
  0.004109   0.995727   0.000164
  0.001105   0.998746   0.000149
  0.000645   0.999220   0.000134
  0.000730   0.999124   0.000147
  0.001405   0.998423   0.000171
  0.008439   0.991251   0.000310
  0.022542   0.976962   0.000496
  0.003206   0.996478   0.000316
  0.000784   0.999044   0.000172
  0.000636   0.999196   0.000167
  0.001007   0.998767   0.000226
  0.002449   0.997268   0.000283
  0.012046   0.987348   0.000607
  0.012647   0.986678   0.000675
  0.003833   0.995638   0.000528
  0.001548   0.997905   0.000546
  0.000891   0.998484   0.000625
  0.000756   0.998265   0.000979
  0.000490   0.998448   0.001062
  0.000426   0.998519   0.001054
  0.000469   0.998612   0.000918
  0.000581   0.998616   0.000802
  0.000739   0.998752   0.000509
  0.000874   0.998815   0.000311
  0.001591   0.998273   0.000136
  0.004679   0.995258   0.000063
  0.015824   0.984132   0.000044
  0.017413   0.982541   0.000045
  0.005025   0.994918   0.000057
  0.002495   0.997435   0.000070
  0.002486   0.997430   0.000084
  0.005034   0.994886   0.000079
  0.015174   0.984743   0.000084
  0.012656   0.987253   0.000091
  0.004850   0.995063   0.000087
  0.007469   0.992398   0.000133
  0.016154   0.983612   0.000234
  0.007590   0.992108   0.000301
  0.003218   0.996431   0.000351
  0.002556   0.996966   0.000478
  0.002436   0.997048   0.000516
  0.005863   0.993292   0.000845
  0.020091   0.977980   0.001929
  0.005166   0.993868   0.000966
  0.002505   0.996842   0.000652
  0.002887   0.995988   0.001125
  0.006977   0.988920   0.004102
  0.018812   0.969311   0.011877
  0.009682   0.983166   0.007152
  0.003435   0.991073   0.005492
  0.003146   0.990521   0.006333
  0.003763   0.991370   0.004867
  0.005486   0.991853   0.002662
  0.012190   0.986172   0.001638
  0.013220   0.985992   0.000787
  0.005090   0.994625   0.000285
  0.002490   0.997362   0.000148
  0.001025   0.998903   0.000072
  0.000544   0.999411   0.000045
  0.000356   0.999600   0.000044
  0.000386   0.999561   0.000053
  0.000499   0.999391   0.000109
  0.000637   0.999105   0.000258
  0.001151   0.998333   0.000515
  0.003902   0.994850   0.001248
  0.021204   0.972901   0.005895
  0.005143   0.988894   0.005963
  0.001102   0.994906   0.003992
  0.000414   0.996892   0.002694
  0.000116   0.997511   0.002373
  0.000052   0.995212   0.004736
  0.000025   0.983511   0.016464
  0.000017   0.987357   0.012626
  0.000017   0.996256   0.003727
  0.000023   0.998503   0.001474
  0.000032   0.999258   0.000710
  0.000057   0.999370   0.000573
  0.000137   0.998985   0.000879
  0.000368   0.997721   0.001911
  0.000789   0.996735   0.002476
  0.001910   0.995570   0.002519
  0.003438   0.994255   0.002307
  0.002246   0.996720   0.001034
  0.001103   0.998516   0.000381
  0.000371   0.999500   0.000129
  0.000176   0.999766   0.000058
  0.000121   0.999844   0.000035
  0.000086   0.999888   0.000026
  0.000063   0.999916   0.000021
  0.000049   0.999933   0.000018
  0.000042   0.999938   0.000019
  0.000053   0.999923   0.000024
  0.000063   0.999907   0.000030
  0.000069   0.999898   0.000033
  0.000064   0.999902   0.000034
  0.000093   0.999868   0.000039
  0.000131   0.999830   0.000038
  0.000249   0.999699   0.000052
  0.000592   0.999305   0.000104
  0.000858   0.998912   0.000230
  0.000925   0.998644   0.000431
  0.000680   0.998775   0.000546
  0.000442   0.999036   0.000522
  0.000322   0.999206   0.000472
  0.000183   0.999463   0.000354
  0.000096   0.999732   0.000172
  0.000058   0.999852   0.000091
  0.000038   0.999904   0.000057
  0.000025   0.999936   0.000039
  0.000019   0.999951   0.000030
  0.000017   0.999959   0.000024
  0.000020   0.999956   0.000024
  0.000034   0.999937   0.000029
  0.000056   0.999903   0.000041
  0.000100   0.999852   0.000048
  0.000222   0.999729   0.000049
  0.000329   0.999621   0.000050
  0.000387   0.999559   0.000054
  0.000321   0.999617   0.000062
  0.000431   0.999480   0.000090
  0.000862   0.998957   0.000181
  0.001580   0.997903   0.000517
  0.001866   0.997062   0.001073
  0.001345   0.997509   0.001147
  0.001522   0.996794   0.001684
  0.001469   0.996138   0.002393
  0.001325   0.995278   0.003397
  0.000771   0.996143   0.003086
  0.000605   0.995830   0.003565
  0.000486   0.996523   0.002990
  0.000390   0.997913   0.001697
  0.000452   0.998426   0.001122
  0.000462   0.998856   0.000682
  0.000498   0.999089   0.000413
  0.000511   0.999223   0.000266
  0.000383   0.999483   0.000134
  0.000369   0.999542   0.000089
  0.000368   0.999566   0.000066
  0.000406   0.999540   0.000054
  0.000388   0.999554   0.000058
  0.000465   0.999457   0.000077
  0.000492   0.999400   0.000108
  0.000390   0.999480   0.000130
  0.000235   0.999630   0.000135
  0.000106   0.999773   0.000121
  0.000059   0.999836   0.000105
  0.000039   0.999879   0.000081
  0.000029   0.999908   0.000063
  0.000029   0.999925   0.000046
  0.000030   0.999938   0.000033
  0.000034   0.999939   0.000027
  0.000043   0.999933   0.000024
  0.000060   0.999920   0.000020
  0.000090   0.999892   0.000018
  0.000150   0.999833   0.000017
  0.000250   0.999731   0.000019
  0.000434   0.999539   0.000027
  0.000974   0.998977   0.000049
  0.001849   0.998079   0.000071
  0.001329   0.998604   0.000067
  0.000444   0.999507   0.000048
  0.000186   0.999774   0.000041
  0.000084   0.999879   0.000037
  0.000045   0.999921   0.000034
  0.000031   0.999940   0.000029
  0.000027   0.999945   0.000028
  0.000025   0.999937   0.000039
  0.000024   0.999898   0.000078
  0.000028   0.999687   0.000285
  0.000032   0.998563   0.001405
  0.000037   0.997221   0.002742
  0.000041   0.999348   0.000611
  0.000053   0.999816   0.000131
  0.000075   0.999848   0.000077
  0.000081   0.999850   0.000069
  0.000073   0.999843   0.000084
  0.000065   0.999802   0.000134
  0.000055   0.999675   0.000270
  0.000041   0.999280   0.000679
  0.000027   0.999053   0.000920
  0.000020   0.998991   0.000989
  0.000017   0.999081   0.000902
  0.000017   0.999373   0.000610
  0.000019   0.999760   0.000221
  0.000026   0.999890   0.000084
  0.000032   0.999929   0.000038
  0.000037   0.999932   0.000031
  0.000047   0.999916   0.000037
  0.000072   0.999862   0.000066
  0.000121   0.999729   0.000150
  0.000246   0.999194   0.000560
  0.000348   0.998323   0.001328
  0.000287   0.998978   0.000735
  0.000219   0.999579   0.000202
  0.000190   0.999739   0.000071
  0.000224   0.999744   0.000032
  0.000585   0.999387   0.000029
  0.001362   0.998608   0.000030
  0.001268   0.998697   0.000035
  0.000589   0.999374   0.000037
  0.000249   0.999716   0.000035
  0.000146   0.999824   0.000031
  0.000126   0.999848   0.000027
  0.000112   0.999861   0.000027
  0.000108   0.999855   0.000036
  0.000076   0.999876   0.000048
  0.000045   0.999901   0.000053
  0.000031   0.999920   0.000050
  0.000025   0.999934   0.000040
  0.000020   0.999939   0.000041
  0.000018   0.999942   0.000040
  0.000018   0.999945   0.000037
  0.000018   0.999953   0.000029
  0.000018   0.999952   0.000030
  0.000018   0.999949   0.000033
  0.000018   0.999945   0.000037
  0.000017   0.999915   0.000068
  0.000017   0.999844   0.000139
  0.000019   0.999724   0.000258
  0.000024   0.999624   0.000353
  0.000032   0.999556   0.000412
  0.000032   0.999767   0.000201
  0.000028   0.999872   0.000100
  0.000024   0.999907   0.000069
  0.000020   0.999938   0.000042
  0.000021   0.999947   0.000032
  0.000020   0.999948   0.000032
  0.000019   0.999937   0.000044
  0.000021   0.999898   0.000081
  0.000025   0.999798   0.000177
  0.000029   0.999681   0.000290
  0.000030   0.999702   0.000268
  0.000032   0.999551   0.000417
  0.000029   0.999519   0.000451
  0.000036   0.999665   0.000299
  0.000089   0.999656   0.000255
  0.000395   0.999386   0.000218
  0.001416   0.998464   0.000119
  0.000844   0.999082   0.000073
  0.000291   0.999660   0.000049
  0.000104   0.999850   0.000046
  0.000044   0.999920   0.000036
  0.000029   0.999938   0.000033
  0.000022   0.999950   0.000028
  0.000025   0.999953   0.000022
  0.000063   0.999919   0.000019
  0.000440   0.999541   0.000019
  0.001999   0.997982   0.000019
  0.001332   0.998650   0.000018
  0.000324   0.999658   0.000017
  0.000087   0.999896   0.000017
  0.000037   0.999946   0.000017
  0.000025   0.999957   0.000018
  0.000023   0.999955   0.000022
  0.000025   0.999950   0.000025
  0.000028   0.999946   0.000026
  0.000033   0.999940   0.000026
  0.000043   0.999927   0.000031
  0.000045   0.999922   0.000033
  0.000059   0.999903   0.000038
  0.000105   0.999841   0.000054
  0.000248   0.999659   0.000093
  0.000530   0.999285   0.000185
  0.001071   0.998487   0.000441
  0.001574   0.997309   0.001116
  0.001305   0.996797   0.001898
  0.001046   0.995936   0.003018
  0.000767   0.996629   0.002603
  0.000534   0.998214   0.001252
  0.000359   0.999098   0.000543
  0.000248   0.999497   0.000255
  0.000180   0.999701   0.000119
  0.000168   0.999740   0.000092
  0.000216   0.999692   0.000092
  0.000361   0.999558   0.000081
  0.000955   0.998967   0.000078
  0.001855   0.998063   0.000082
  0.002233   0.997629   0.000138
  0.000976   0.998744   0.000280
  0.000473   0.998794   0.000733
  0.000248   0.998052   0.001699
  0.000135   0.996850   0.003014
  0.000088   0.998470   0.001443
  0.000068   0.999443   0.000489
  0.000046   0.999756   0.000198
  0.000037   0.999883   0.000080
  0.000028   0.999936   0.000036
  0.000025   0.999948   0.000027
  0.000029   0.999942   0.000029
  0.000045   0.999904   0.000052
  0.000078   0.999813   0.000109
  0.000157   0.999651   0.000193
  0.000227   0.999623   0.000150
  0.000321   0.999573   0.000106
  0.000506   0.999419   0.000075
  0.000720   0.999235   0.000045
  0.000726   0.999243   0.000031
  0.000509   0.999457   0.000034
  0.000303   0.999654   0.000044
  0.000189   0.999748   0.000063
  0.000136   0.999762   0.000102
  0.000099   0.999755   0.000145
  0.000101   0.999729   0.000170
  0.000134   0.999672   0.000194
  0.000198   0.999555   0.000248
  0.000268   0.999421   0.000311
  0.000206   0.999579   0.000215
  0.000142   0.999721   0.000137
  0.000137   0.999733   0.000130
  0.000129   0.999743   0.000128
  0.000088   0.999817   0.000095
  0.000075   0.999846   0.000079
  0.000063   0.999875   0.000063
  0.000048   0.999908   0.000044
  0.000047   0.999916   0.000036
  0.000047   0.999921   0.000032
  0.000048   0.999925   0.000027
  0.000056   0.999922   0.000022
  0.000099   0.999880   0.000021
  0.000199   0.999778   0.000023
  0.000323   0.999653   0.000024
  0.000322   0.999647   0.000030
  0.000274   0.999685   0.000042
  0.000221   0.999739   0.000041
  0.000183   0.999782   0.000036
  0.000177   0.999793   0.000030
  0.000141   0.999838   0.000021
  0.000118   0.999865   0.000018
  0.000229   0.999754   0.000018
  0.000391   0.999591   0.000018
  0.000528   0.999451   0.000021
  0.000427   0.999547   0.000026
  0.000319   0.999655   0.000026
  0.000210   0.999763   0.000027
  0.000170   0.999800   0.000030
  0.000153   0.999808   0.000038
  0.000144   0.999813   0.000043
  0.000143   0.999811   0.000045
  0.000118   0.999834   0.000048
  0.000091   0.999864   0.000046
  0.000078   0.999891   0.000031
  0.000073   0.999905   0.000022
  0.000064   0.999917   0.000019
  0.000064   0.999913   0.000022
  0.000078   0.999887   0.000036
  0.000108   0.999820   0.000072
  0.000114   0.999740   0.000146
  0.000084   0.999665   0.000250
  0.000059   0.999518   0.000423
  0.000046   0.999329   0.000625
  0.000045   0.999310   0.000646
  0.000081   0.999426   0.000493
  0.000237   0.999417   0.000345
  0.000704   0.999002   0.000294
  0.002180   0.997606   0.000213
  0.002014   0.997771   0.000215
  0.001000   0.998768   0.000232
  0.000323   0.999482   0.000194
  0.000116   0.999737   0.000147
  0.000045   0.999852   0.000104
  0.000027   0.999901   0.000072
  0.000028   0.999909   0.000063
  0.000046   0.999869   0.000085
  0.000116   0.999721   0.000163
  0.000282   0.999440   0.000278
  0.000611   0.999007   0.000382
  0.000940   0.998640   0.000420
  0.001145   0.998428   0.000426
  0.001587   0.997967   0.000445
  0.002033   0.997574   0.000393
  0.001883   0.997781   0.000336
  0.001140   0.998553   0.000307
  0.000557   0.999242   0.000201
  0.000280   0.999617   0.000103
  0.000245   0.999681   0.000075
  0.000334   0.999584   0.000082
  0.000544   0.999305   0.000151
  0.001346   0.998177   0.000477
  0.006056   0.990851   0.003093
  0.005255   0.979873   0.014872
  0.000896   0.991402   0.007703
  0.000247   0.996949   0.002804
  0.000177   0.997891   0.001932
  0.000197   0.997920   0.001883
  0.000178   0.997048   0.002774
  0.000231   0.996221   0.003548
  0.000334   0.997112   0.002555
  0.000318   0.998940   0.000742
  0.000243   0.999531   0.000226
  0.000216   0.999689   0.000095
  0.000202   0.999723   0.000075
  0.000173   0.999743   0.000084
  0.000242   0.999607   0.000152
  0.000286   0.999515   0.000199
  0.000245   0.999518   0.000238
  0.000235   0.999460   0.000305
  0.000247   0.999310   0.000443
  0.000349   0.999039   0.000612
  0.000304   0.999144   0.000552
  0.000218   0.999480   0.000302
  0.000185   0.999574   0.000241
  0.000205   0.999616   0.000179
  0.000272   0.999532   0.000196
  0.000542   0.999130   0.000329
  0.001645   0.997761   0.000594
  0.003660   0.994921   0.001419
  0.001462   0.996531   0.002007
  0.000460   0.997735   0.001805
  0.000159   0.998611   0.001229
  0.000099   0.998930   0.000971
  0.000087   0.999164   0.000749
  0.000086   0.999437   0.000477
  0.000124   0.999473   0.000402
  0.000383   0.999076   0.000542
  0.001773   0.997406   0.000821
  0.001478   0.998003   0.000519
  0.000539   0.999138   0.000323
  0.000196   0.999535   0.000269
  0.000121   0.999583   0.000295
  0.000094   0.999662   0.000244
  0.000074   0.999772   0.000155
  0.000060   0.999844   0.000096
  0.000054   0.999877   0.000069
  0.000046   0.999897   0.000057
  0.000038   0.999915   0.000047
  0.000038   0.999913   0.000049
  0.000040   0.999910   0.000050
  0.000066   0.999858   0.000076
  0.000105   0.999754   0.000141
  0.000161   0.999574   0.000264
  0.000220   0.999275   0.000505
  0.000187   0.999057   0.000756
  0.000105   0.999289   0.000606
  0.000049   0.999781   0.000170
  0.000026   0.999923   0.000051
  0.000018   0.999955   0.000026
  0.000018   0.999962   0.000021
  0.000027   0.999947   0.000026
  0.000046   0.999916   0.000039
  0.000087   0.999836   0.000077
  0.000206   0.999583   0.000211
  0.000368   0.999167   0.000466
  0.000380   0.999091   0.000530
  0.000162   0.999557   0.000281
  0.000058   0.999826   0.000117
  0.000028   0.999917   0.000056
  0.000021   0.999939   0.000041
  0.000019   0.999946   0.000036
  0.000018   0.999950   0.000032
  0.000019   0.999951   0.000031
  0.000019   0.999942   0.000038
  0.000019   0.999929   0.000052
  0.000019   0.999914   0.000067
  0.000020   0.999896   0.000084
  0.000024   0.999891   0.000085
  0.000028   0.999893   0.000079
  0.000032   0.999899   0.000068
  0.000047   0.999900   0.000054
  0.000091   0.999879   0.000031
  0.000188   0.999790   0.000022
  0.000534   0.999441   0.000025
  0.001282   0.998667   0.000051
  0.001340   0.998520   0.000141
  0.000593   0.999144   0.000263
  0.000164   0.999223   0.000613
  0.000063   0.998017   0.001921
  0.000031   0.996001   0.003969
  0.000021   0.998981   0.000998
  0.000018   0.999855   0.000127
  0.000017   0.999951   0.000032
  0.000017   0.999966   0.000017
  0.000017   0.999954   0.000029
  0.000018   0.999848   0.000134
  0.000019   0.999411   0.000570
  0.000019   0.998557   0.001424
  0.000020   0.999296   0.000684
  0.000028   0.999823   0.000149
  0.000052   0.999891   0.000057
  0.000110   0.999858   0.000032
  0.000316   0.999657   0.000027
  0.000937   0.999032   0.000030
  0.001577   0.998388   0.000035
  0.001848   0.998115   0.000037
  0.001036   0.998925   0.000039
  0.000369   0.999584   0.000047
  0.000173   0.999759   0.000068
  0.000083   0.999827   0.000090
  0.000056   0.999842   0.000103
  0.000065   0.999781   0.000154
  0.000080   0.999734   0.000186
  0.000091   0.999693   0.000216
  0.000084   0.999748   0.000167
  0.000077   0.999793   0.000130
  0.000056   0.999857   0.000087
  0.000040   0.999903   0.000057
  0.000032   0.999929   0.000040
  0.000030   0.999939   0.000031
  0.000029   0.999946   0.000025
  0.000029   0.999950   0.000022
  0.000033   0.999946   0.000022
  0.000042   0.999936   0.000022
  0.000062   0.999916   0.000023
  0.000078   0.999897   0.000025
  0.000069   0.999897   0.000033
  0.000061   0.999887   0.000052
  0.000066   0.999850   0.000085
  0.000071   0.999810   0.000119
  0.000069   0.999786   0.000144
  0.000079   0.999726   0.000195
  0.000084   0.999745   0.000171
  0.000105   0.999730   0.000164
  0.000109   0.999688   0.000203
  0.000115   0.999664   0.000221
  0.000107   0.999674   0.000219
  0.000087   0.999662   0.000251
  0.000064   0.999687   0.000249
  0.000052   0.999707   0.000241
  0.000043   0.999791   0.000166
  0.000050   0.999831   0.000119
  0.000057   0.999852   0.000091
  0.000052   0.999882   0.000066
  0.000052   0.999890   0.000058
  0.000062   0.999871   0.000067
  0.000095   0.999806   0.000099
  0.000199   0.999589   0.000212
  0.000369   0.999247   0.000384
  0.000362   0.999257   0.000380
  0.000282   0.999429   0.000289
  0.000206   0.999600   0.000195
  0.000122   0.999783   0.000096
  0.000071   0.999888   0.000041
  0.000060   0.999913   0.000027
  0.000050   0.999928   0.000022
  0.000041   0.999932   0.000027
  0.000054   0.999898   0.000048
  0.000087   0.999796   0.000117
  0.000101   0.999676   0.000223
  0.000095   0.999689   0.000216
  0.000069   0.999812   0.000119
  0.000043   0.999894   0.000063
  0.000024   0.999946   0.000029
  0.000018   0.999965   0.000018
  0.000017   0.999965   0.000018
  0.000022   0.999951   0.000027
  0.000033   0.999907   0.000060
  0.000051   0.999766   0.000183
  0.000064   0.999508   0.000428
  0.000069   0.999329   0.000602
  0.000049   0.999481   0.000471
  0.000037   0.999665   0.000298
  0.000029   0.999777   0.000194
  0.000022   0.999840   0.000138
  0.000018   0.999899   0.000083
  0.000017   0.999934   0.000049
  0.000017   0.999955   0.000028
  0.000022   0.999953   0.000025
  0.000032   0.999936   0.000032
  0.000054   0.999889   0.000057
  0.000098   0.999800   0.000101
  0.000181   0.999645   0.000174
  0.000387   0.999234   0.000379
  0.000930   0.998196   0.000874
  0.001493   0.997506   0.001001
  0.001126   0.998156   0.000718
  0.000350   0.999383   0.000267
  0.000118   0.999775   0.000107
  0.000050   0.999898   0.000053
  0.000033   0.999927   0.000040
  0.000030   0.999932   0.000039
  0.000028   0.999934   0.000038
  0.000027   0.999933   0.000040
  0.000031   0.999936   0.000033
  0.000036   0.999940   0.000024
  0.000046   0.999935   0.000018
  0.000077   0.999905   0.000018
  0.000139   0.999841   0.000020
  0.000235   0.999738   0.000026
  0.000277   0.999683   0.000039
  0.000345   0.999580   0.000075
  0.000525   0.999261   0.000214
  0.000654   0.998808   0.000538
  0.000416   0.998173   0.001412
  0.000148   0.997580   0.002272
  0.000053   0.998496   0.001452
  0.000028   0.999154   0.000818
  0.000021   0.999628   0.000351
  0.000023   0.999747   0.000231
  0.000033   0.999791   0.000176
  0.000062   0.999780   0.000157
  0.000166   0.999587   0.000247
  0.000660   0.998864   0.000476
  0.002917   0.996176   0.000908
  0.005246   0.993657   0.001097
  0.001632   0.997752   0.000616
  0.000516   0.999299   0.000185
  0.000153   0.999783   0.000064
  0.000055   0.999918   0.000027
  0.000031   0.999950   0.000019
  0.000025   0.999958   0.000017
  0.000025   0.999956   0.000019
  0.000027   0.999951   0.000022
  0.000029   0.999947   0.000024
  0.000029   0.999944   0.000027
  0.000029   0.999943   0.000028
  0.000031   0.999929   0.000040
  0.000033   0.999917   0.000050
  0.000036   0.999903   0.000061
  0.000036   0.999905   0.000059
  0.000035   0.999923   0.000043
  0.000039   0.999925   0.000036
  0.000045   0.999918   0.000037
  0.000061   0.999884   0.000054
  0.000126   0.999750   0.000124
  0.000311   0.999267   0.000422
  0.000602   0.997816   0.001582
  0.000529   0.997312   0.002159
  0.000264   0.998551   0.001186
  0.000118   0.999453   0.000429
  0.000056   0.999826   0.000118
  0.000035   0.999927   0.000038
  0.000028   0.999951   0.000022
  0.000026   0.999956   0.000017
  0.000030   0.999953   0.000017
  0.000040   0.999941   0.000019
  0.000054   0.999924   0.000022
  0.000108   0.999863   0.000029
  0.000162   0.999791   0.000047
  0.000242   0.999669   0.000089
  0.000505   0.999335   0.000159
  0.001361   0.998262   0.000377
  0.002208   0.996792   0.001001
  0.002133   0.995117   0.002749
  0.001472   0.991406   0.007121
  0.000862   0.993706   0.005432
  0.000630   0.997428   0.001942
  0.000622   0.998444   0.000934
  0.000428   0.998974   0.000598
  0.000299   0.999350   0.000351
  0.000219   0.999592   0.000189
  0.000186   0.999712   0.000103
  0.000144   0.999776   0.000079
  0.000144   0.999769   0.000087
  0.000305   0.999504   0.000190
  0.000993   0.998510   0.000498
  0.003648   0.995103   0.001250
  0.007557   0.990077   0.002365
  0.004858   0.993204   0.001937
  0.002849   0.995223   0.001928
  0.001998   0.996071   0.001931
  0.001964   0.996210   0.001826
  0.002755   0.995454   0.001791
  0.004849   0.993182   0.001969
  0.010814   0.986768   0.002417
  0.012909   0.985404   0.001686
  0.006931   0.992377   0.000692
  0.005512   0.994099   0.000390
  0.003833   0.995954   0.000213
  0.003708   0.996148   0.000144
  0.004078   0.995779   0.000142
  0.005100   0.994734   0.000165
  0.002765   0.997092   0.000143
  0.001334   0.998551   0.000115
  0.001107   0.998768   0.000125
  0.001655   0.998189   0.000156
  0.003505   0.996295   0.000200
  0.006315   0.993465   0.000220
  0.006350   0.993402   0.000247
  0.001979   0.997772   0.000249
  0.001192   0.998462   0.000346
  0.000605   0.998584   0.000812
  0.000355   0.997193   0.002452
  0.000209   0.997432   0.002359
  0.000062   0.999568   0.000370
  0.000021   0.999906   0.000074
  0.000017   0.999943   0.000040
  0.000021   0.999947   0.000032
  0.000033   0.999929   0.000037
  0.000050   0.999903   0.000047
  0.000059   0.999885   0.000056
  0.000086   0.999811   0.000103
  0.000132   0.999613   0.000255
  0.000197   0.999048   0.000755
  0.000202   0.998394   0.001404
  0.000167   0.999049   0.000784
  0.000110   0.999555   0.000335
  0.000099   0.999754   0.000147
  0.000180   0.999717   0.000103
  0.000538   0.999292   0.000169
  0.002677   0.996887   0.000436
  0.009892   0.989516   0.000592
  0.003141   0.996570   0.000288
  0.000629   0.999231   0.000140
  0.000146   0.999712   0.000142
  0.000036   0.999602   0.000361
  0.000018   0.999126   0.000856
  0.000018   0.998390   0.001592
  0.000050   0.997134   0.002816
  0.000421   0.997542   0.002038
  0.006215   0.993168   0.000617
  0.007143   0.992703   0.000154
  0.000606   0.999362   0.000031
  0.000187   0.999794   0.000019
  0.000097   0.999871   0.000032
  0.000084   0.999823   0.000093
  0.000108   0.999459   0.000433
  0.000171   0.997530   0.002299
  0.000266   0.996026   0.003708
  0.000386   0.998817   0.000797
  0.000447   0.999426   0.000127
  0.000397   0.999567   0.000036
  0.000342   0.999639   0.000019
  0.000309   0.999672   0.000018
  0.000254   0.999721   0.000024
  0.000208   0.999747   0.000045
  0.000204   0.999667   0.000129
  0.000193   0.999399   0.000408
  0.000216   0.998713   0.001072
  0.000175   0.998251   0.001574
  0.000095   0.998612   0.001292
  0.000044   0.998880   0.001076
  0.000027   0.999212   0.000760
  0.000028   0.999407   0.000565
  0.000034   0.999262   0.000703
  0.000049   0.998798   0.001153
  0.000106   0.997468   0.002426
  0.000309   0.994651   0.005040
  0.000481   0.996595   0.002924
  0.000403   0.998482   0.001115
  0.000204   0.999392   0.000403
  0.000076   0.999789   0.000135
  0.000033   0.999921   0.000047
  0.000019   0.999959   0.000021
  0.000019   0.999965   0.000017
  0.000025   0.999954   0.000021
  0.000041   0.999928   0.000031
  0.000080   0.999867   0.000053
  0.000179   0.999710   0.000111
  0.000376   0.999403   0.000221
  0.000516   0.999081   0.000403
  0.000540   0.998938   0.000522
  0.000345   0.999297   0.000358
  0.000117   0.999779   0.000104
  0.000044   0.999922   0.000034
  0.000022   0.999960   0.000019
  0.000018   0.999965   0.000017
  0.000019   0.999961   0.000019
  0.000026   0.999948   0.000026
  0.000048   0.999915   0.000037
  0.000101   0.999840   0.000059
  0.000184   0.999723   0.000093
  0.000307   0.999563   0.000130
  0.000409   0.999440   0.000151
  0.000368   0.999500   0.000132
  0.000340   0.999541   0.000119
  0.000247   0.999631   0.000123
  0.000174   0.999656   0.000171
  0.000127   0.999580   0.000293
  0.000102   0.999457   0.000441
  0.000080   0.999212   0.000707
  0.000083   0.998418   0.001498
  0.000082   0.996798   0.003120
  0.000088   0.995883   0.004029
  0.000085   0.996867   0.003048
  0.000062   0.998601   0.001336
  0.000039   0.999496   0.000465
  0.000027   0.999774   0.000198
  0.000021   0.999869   0.000110
  0.000022   0.999924   0.000055
  0.000026   0.999939   0.000035
  0.000031   0.999943   0.000026
  0.000043   0.999935   0.000022
  0.000077   0.999899   0.000024
  0.000172   0.999799   0.000029
  0.000318   0.999646   0.000036
  0.000469   0.999488   0.000042
  0.000493   0.999463   0.000044
  0.000396   0.999553   0.000051
  0.000229   0.999706   0.000065
  0.000098   0.999833   0.000068
  0.000047   0.999863   0.000090
  0.000029   0.999765   0.000206
  0.000023   0.999330   0.000647
  0.000024   0.998632   0.001345
  0.000030   0.998174   0.001796
  0.000038   0.998485   0.001477
  0.000058   0.999038   0.000904
  0.000104   0.999519   0.000376
  0.000198   0.999651   0.000151
  0.000422   0.999481   0.000097
  0.000735   0.999179   0.000086
  0.000846   0.999034   0.000119
  0.000581   0.999229   0.000190
  0.000325   0.999371   0.000304
  0.000182   0.999449   0.000369
  0.000113   0.999550   0.000337
  0.000085   0.999661   0.000254
  0.000093   0.999681   0.000227
  0.000129   0.999665   0.000206
  0.000175   0.999681   0.000145
  0.000320   0.999580   0.000099
  0.000478   0.999472   0.000050
  0.000789   0.999184   0.000027
  0.001079   0.998902   0.000019
  0.000502   0.999479   0.000018
  0.000251   0.999728   0.000021
  0.000164   0.999806   0.000030
  0.000140   0.999811   0.000049
  0.000140   0.999767   0.000093
  0.000141   0.999586   0.000273
  0.000173   0.999153   0.000674
  0.000162   0.998928   0.000910
  0.000120   0.999397   0.000483
  0.000147   0.999600   0.000253
  0.000222   0.999659   0.000119
  0.000340   0.999585   0.000075
  0.000417   0.999509   0.000073
  0.000421   0.999486   0.000092
  0.000399   0.999438   0.000162
  0.000313   0.999191   0.000496
  0.000142   0.998365   0.001493
  0.000049   0.998108   0.001843
  0.000023   0.998627   0.001350
  0.000017   0.999115   0.000868
  0.000020   0.999503   0.000477
  0.000034   0.999545   0.000421
  0.000060   0.999418   0.000522
  0.000125   0.998786   0.001089
  0.000167   0.998635   0.001198
  0.000192   0.999241   0.000567
  0.000233   0.999519   0.000247
  0.000345   0.999484   0.000172
  0.000273   0.999602   0.000125
  0.000129   0.999775   0.000096
  0.000057   0.999825   0.000119
  0.000037   0.999722   0.000241
  0.000025   0.999458   0.000517
  0.000020   0.998627   0.001353
  0.000018   0.997165   0.002817
  0.000020   0.998491   0.001489
  0.000032   0.999594   0.000373
  0.000089   0.999800   0.000111
  0.000393   0.999560   0.000047
  0.002286   0.997658   0.000056
  0.003405   0.996510   0.000086
  0.000832   0.999062   0.000107
  0.000203   0.999657   0.000140
  0.000069   0.999787   0.000144
  0.000055   0.999777   0.000168
  0.000084   0.999700   0.000217
  0.000192   0.999436   0.000373
  0.000327   0.999102   0.000570
  0.000398   0.998989   0.000613
  0.000433   0.999159   0.000408
  0.000434   0.999236   0.000330
  0.000465   0.999250   0.000285
  0.000383   0.999353   0.000264
  0.000324   0.999489   0.000186
  0.000232   0.999649   0.000119
  0.000124   0.999777   0.000099
  0.000081   0.999856   0.000063
  0.000061   0.999891   0.000048
  0.000046   0.999911   0.000043
  0.000034   0.999925   0.000041
  0.000029   0.999929   0.000042
  0.000025   0.999926   0.000049
  0.000023   0.999909   0.000068
  0.000021   0.999892   0.000087
  0.000022   0.999871   0.000107
  0.000027   0.999869   0.000104
  0.000037   0.999866   0.000098
  0.000057   0.999818   0.000125
  0.000059   0.999836   0.000105
  0.000070   0.999820   0.000109
  0.000096   0.999774   0.000130
  0.000157   0.999657   0.000186
  0.000231   0.999475   0.000294
  0.000359   0.999126   0.000515
  0.000584   0.998471   0.000945
  0.001193   0.996232   0.002574
  0.001990   0.991484   0.006526
  0.001488   0.992573   0.005939
  0.000609   0.998178   0.001212
  0.000396   0.999156   0.000448
  0.000295   0.999511   0.000193
  0.000185   0.999733   0.000083
  0.000129   0.999833   0.000038
  0.000206   0.999770   0.000023
  0.000452   0.999530   0.000018
  0.000901   0.999082   0.000017
  0.001235   0.998748   0.000017
  0.001410   0.998573   0.000017
  0.002153   0.997828   0.000019
  0.003991   0.995986   0.000023
  0.013943   0.986030   0.000027
  0.029123   0.970842   0.000035
  0.008156   0.991785   0.000059
  0.002822   0.997090   0.000088
  0.002947   0.996921   0.000132
  0.008897   0.990891   0.000212
  0.012220   0.987303   0.000477
  0.001700   0.997671   0.000629
  0.000243   0.998929   0.000828
  0.000072   0.998621   0.001307
  0.000073   0.996642   0.003285
  0.000195   0.992514   0.007291
  0.000769   0.992329   0.006902
  0.003873   0.990283   0.005844
  0.007486   0.990496   0.002018
  0.003838   0.995107   0.001055
  0.003096   0.995679   0.001225
  0.003731   0.994445   0.001825
  0.003047   0.992598   0.004355
  0.002368   0.986591   0.011041
  0.001451   0.989706   0.008843
  0.000624   0.996875   0.002501
  0.000345   0.998803   0.000853
  0.000457   0.999166   0.000377
  0.001473   0.998197   0.000329
  0.012214   0.987349   0.000437
  0.003788   0.996006   0.000207
  0.000714   0.999110   0.000176
  0.000490   0.999081   0.000429
  0.000925   0.997080   0.001996
  0.003829   0.981692   0.014479
  0.013748   0.973989   0.012263
  0.011140   0.987502   0.001358
  0.004649   0.995130   0.000221
  0.001715   0.998237   0.000048
  0.001050   0.998917   0.000032
  0.000849   0.999090   0.000061
  0.001382   0.998409   0.000210
  0.002876   0.996491   0.000634
  0.008046   0.989041   0.002913
  0.011302   0.979736   0.008962
  0.002181   0.995665   0.002154
  0.000568   0.998881   0.000551
  0.000145   0.999730   0.000125
  0.000037   0.999925   0.000039
  0.000018   0.999957   0.000025
  0.000021   0.999946   0.000033
  0.000056   0.999858   0.000086
  0.000249   0.999417   0.000333
  0.001937   0.995903   0.002161
  0.008118   0.985810   0.006073
  0.007227   0.989616   0.003157
  0.008154   0.989127   0.002718
  0.011761   0.984702   0.003537
  0.007623   0.989841   0.002536
  0.004705   0.994076   0.001219
  0.004894   0.994260   0.000845
  0.007271   0.992214   0.000515
  0.004898   0.994842   0.000259
  0.001869   0.997989   0.000143
  0.001169   0.998707   0.000125
  0.001448   0.998334   0.000218
  0.005032   0.994250   0.000718
  0.017356   0.979481   0.003163
  0.001451   0.995356   0.003193
  0.000188   0.997152   0.002661
  0.000075   0.998394   0.001531
  0.000047   0.999264   0.000689
  0.000037   0.999680   0.000283
  0.000040   0.999836   0.000124
  0.000041   0.999893   0.000065
  0.000034   0.999928   0.000038
  0.000029   0.999942   0.000029
  0.000027   0.999947   0.000027
  0.000033   0.999936   0.000031
  0.000056   0.999904   0.000040
  0.000080   0.999879   0.000041
  0.000102   0.999864   0.000035
  0.000146   0.999827   0.000028
  0.000300   0.999675   0.000025
  0.000595   0.999381   0.000024
  0.001451   0.998527   0.000022
  0.005008   0.994971   0.000021
  0.006530   0.993441   0.000029
  0.001846   0.998097   0.000058
  0.000478   0.999390   0.000133
  0.000144   0.999612   0.000244
  0.000057   0.999689   0.000254
  0.000034   0.999673   0.000293
  0.000028   0.999579   0.000393
  0.000030   0.999398   0.000572
  0.000030   0.999595   0.000375
  0.000026   0.999838   0.000136
  0.000024   0.999925   0.000051
  0.000024   0.999947   0.000029
  0.000027   0.999950   0.000023
  0.000049   0.999931   0.000020
  0.000139   0.999840   0.000021
  0.000635   0.999341   0.000025
  0.002284   0.997683   0.000033
  0.003661   0.996272   0.000066
  0.001283   0.998592   0.000126
  0.000249   0.999523   0.000228
  0.000073   0.999550   0.000377
  0.000032   0.999472   0.000497
  0.000021   0.999411   0.000568
  0.000024   0.999194   0.000782
  0.000030   0.998918   0.001052
  0.000038   0.999239   0.000723
  0.000048   0.999540   0.000412
  0.000046   0.999817   0.000137
  0.000041   0.999910   0.000049
  0.000034   0.999931   0.000035
  0.000025   0.999937   0.000038
  0.000021   0.999927   0.000051
  0.000020   0.999923   0.000057
  0.000023   0.999912   0.000066
  0.000024   0.999893   0.000083
  0.000026   0.999849   0.000124
  0.000034   0.999787   0.000179
  0.000061   0.999675   0.000264
  0.000135   0.999418   0.000447
  0.000179   0.999478   0.000343
  0.000179   0.999565   0.000256
  0.000225   0.999550   0.000226
  0.000224   0.999631   0.000145
  0.000190   0.999707   0.000103
  0.000135   0.999767   0.000098
  0.000087   0.999815   0.000099
  0.000068   0.999795   0.000138
  0.000062   0.999683   0.000255
  0.000052   0.999663   0.000285
  0.000046   0.999789   0.000165
  0.000052   0.999871   0.000077
  0.000077   0.999881   0.000043
  0.000116   0.999858   0.000026
  0.000133   0.999847   0.000021
  0.000161   0.999819   0.000020
  0.000216   0.999756   0.000028
  0.000373   0.999568   0.000059
  0.000987   0.998849   0.000164
  0.001217   0.998461   0.000322
  0.000495   0.999200   0.000305
  0.000229   0.999459   0.000312
  0.000101   0.999663   0.000236
  0.000065   0.999801   0.000134
  0.000050   0.999874   0.000076
  0.000050   0.999895   0.000055
  0.000054   0.999908   0.000038
  0.000070   0.999902   0.000028
  0.000082   0.999895   0.000023
  0.000064   0.999916   0.000020
  0.000047   0.999935   0.000018
  0.000037   0.999943   0.000020
  0.000041   0.999932   0.000027
  0.000042   0.999921   0.000037
  0.000058   0.999884   0.000058
  0.000146   0.999709   0.000146
  0.000546   0.998910   0.000545
  0.001014   0.997960   0.001026
  0.000695   0.998612   0.000694
  0.000248   0.999510   0.000242
  0.000096   0.999810   0.000094
  0.000044   0.999913   0.000043
  0.000037   0.999934   0.000029
  0.000045   0.999933   0.000022
  0.000069   0.999912   0.000019
  0.000124   0.999856   0.000020
  0.000195   0.999783   0.000023
  0.000497   0.999470   0.000033
  0.002032   0.997918   0.000050
  0.010430   0.989479   0.000090
  0.002391   0.997545   0.000064
  0.000239   0.999722   0.000039
  0.000048   0.999920   0.000032
  0.000024   0.999937   0.000038
  0.000026   0.999919   0.000055
  0.000046   0.999883   0.000071
  0.000159   0.999734   0.000108
  0.000837   0.999012   0.000151
  0.002860   0.996997   0.000144
  0.002630   0.997275   0.000094
  0.000723   0.999227   0.000050
  0.000282   0.999680   0.000038
  0.000169   0.999777   0.000054
  0.000120   0.999794   0.000086
  0.000113   0.999722   0.000166
  0.000137   0.999608   0.000255
  0.000151   0.999477   0.000372
  0.000167   0.999539   0.000295
  0.000205   0.999651   0.000145
  0.000269   0.999614   0.000118
  0.000364   0.999536   0.000101
  0.000716   0.999179   0.000104
  0.000966   0.998940   0.000094
  0.002239   0.997695   0.000066
  0.006518   0.993443   0.000039
  0.013205   0.986774   0.000022
  0.006977   0.993006   0.000017
  0.004622   0.995357   0.000021
  0.007110   0.992852   0.000038
  0.022248   0.977651   0.000101
  0.006394   0.993467   0.000139
  0.001509   0.998323   0.000168
  0.000746   0.998964   0.000290
  0.000919   0.998334   0.000746
  0.001709   0.996433   0.001858
  0.005106   0.990573   0.004320
  0.008158   0.988243   0.003600
  0.007111   0.991473   0.001417
  0.008564   0.990585   0.000852
  0.006879   0.992832   0.000289
  0.012588   0.987282   0.000130
  0.009335   0.990619   0.000045
  0.005128   0.994851   0.000021
  0.007290   0.992692   0.000019
  0.014093   0.985879   0.000028
  0.011542   0.988405   0.000052
  0.004714   0.995192   0.000095
  0.002240   0.997619   0.000141
  0.001383   0.998422   0.000194
  0.001028   0.998645   0.000327
  0.001540   0.997614   0.000846
  0.004742   0.991249   0.004009
  0.007929   0.983870   0.008202
  0.001165   0.997606   0.001230
  0.000155   0.999689   0.000156
  0.000039   0.999924   0.000037
  0.000018   0.999963   0.000019
  0.000024   0.999945   0.000031
  0.000092   0.999697   0.000211
  0.000482   0.997458   0.002060
  0.002103   0.988277   0.009620
  0.002484   0.994634   0.002882
  0.002121   0.997111   0.000768
  0.002167   0.997471   0.000362
  0.003943   0.995771   0.000286
  0.013296   0.986407   0.000297
  0.007237   0.992619   0.000144
  0.001251   0.998696   0.000053
  0.000341   0.999594   0.000065
  0.000169   0.999649   0.000182
  0.000253   0.998777   0.000971
  0.000636   0.993830   0.005534
  0.001210   0.990011   0.008779
  0.000688   0.997257   0.002054
  0.000293   0.999307   0.000400
  0.000152   0.999702   0.000146
  0.000084   0.999840   0.000076
  0.000072   0.999870   0.000058
  0.000113   0.999818   0.000069
  0.000304   0.999622   0.000075
  0.000737   0.999187   0.000075
  0.001749   0.998176   0.000076
  0.004571   0.995349   0.000080
  0.010325   0.989592   0.000083
  0.004401   0.995546   0.000053
  0.001882   0.998076   0.000041
  0.001053   0.998907   0.000040
  0.000788   0.999173   0.000039
  0.000490   0.999477   0.000033
  0.000298   0.999676   0.000025
  0.000137   0.999841   0.000022
  0.000076   0.999902   0.000021
  0.000056   0.999920   0.000024
  0.000044   0.999928   0.000028
  0.000033   0.999938   0.000028
  0.000026   0.999948   0.000026
  0.000026   0.999949   0.000025
  0.000029   0.999949   0.000023
  0.000036   0.999942   0.000022
  0.000054   0.999924   0.000021
  0.000066   0.999915   0.000019
  0.000087   0.999896   0.000017
  0.000074   0.999909   0.000017
  0.000057   0.999925   0.000018
  0.000057   0.999922   0.000021
  0.000072   0.999884   0.000044
  0.000098   0.999749   0.000153
  0.000139   0.999111   0.000750
  0.000156   0.997062   0.002782
  0.000127   0.997013   0.002860
  0.000086   0.998826   0.001088
  0.000053   0.999592   0.000355
  0.000036   0.999837   0.000127
  0.000025   0.999914   0.000061
  0.000020   0.999945   0.000035
  0.000020   0.999954   0.000027
  0.000022   0.999955   0.000023
  0.000027   0.999954   0.000019
  0.000041   0.999940   0.000019
  0.000077   0.999903   0.000021
  0.000170   0.999807   0.000023
  0.000266   0.999711   0.000023
  0.000417   0.999561   0.000022
  0.000371   0.999607   0.000022
  0.000217   0.999762   0.000021
  0.000134   0.999846   0.000020
  0.000097   0.999882   0.000020
  0.000064   0.999916   0.000020
  0.000052   0.999925   0.000022
  0.000040   0.999936   0.000023
  0.000037   0.999936   0.000027
  0.000034   0.999930   0.000036
  0.000036   0.999904   0.000061
  0.000039   0.999822   0.000139
  0.000048   0.999739   0.000213
  0.000049   0.999773   0.000178
  0.000032   0.999859   0.000109
  0.000023   0.999905   0.000072
  0.000020   0.999907   0.000073
  0.000019   0.999917   0.000064
  0.000017   0.999938   0.000045
  0.000018   0.999949   0.000034
  0.000018   0.999958   0.000024
  0.000019   0.999962   0.000020
  0.000019   0.999962   0.000019
  0.000018   0.999953   0.000029
  0.000018   0.999912   0.000070
  0.000021   0.999796   0.000184
  0.000030   0.999572   0.000398
  0.000054   0.999624   0.000322
  0.000107   0.999722   0.000172
  0.000287   0.999594   0.000119
  0.000503   0.999407   0.000090
  0.000335   0.999598   0.000067
